516096
1
2793468
3006459
90118
2318343
90120
90122
548875
737293
2056207
90130
1753107
974868
1155093
2187286
90135
90137
1196062
1720350
2670624
1237025
2105389
90159
2596913
1753140
1007669
1695803
1237052
1335357
1212478
90175
1187902
1949755
1671234
1859651
90180
90174
90177
1859658
1359947
1261644
852044
90188
90192
1507410
1040467
90198
1859671
2711640
1572953
90205
950367
90211
1638503
1392744
1146985
1073258
90219
2031726
90224
999538
1245299
680054
1458295
90232
90236
1319039
90245
991369
1753227
90252
90253
1425551
1089680
1425557
1056918
1171606
1613973
90262
90266
704667
1204378
1900699
1220766
2367640
90268
1679522
2048162
1138854
221351
90280
90281
1777831
2261162
2130094
491696
737458
1982643
557234
2179253
1499318
90295
1671353
1278142
745674
90315
90316
1654991
90320
884946
1138901
2212053
90329
360669
1802466
590054
1851624
1843433
458986
90346
2081002
2105579
590062
2826473
90352
2130161
1655027
188663
90361
2556153
917755
295165
1327363
90372
90374
2826504
2236681
2818313
90380
1458445
2203918
90385
2294033
2539795
90398
2040094
524580
2228518
1851687
1229098
2761003
90412
1229107
1007923
2924854
90427
1433918
835904
90435
2875718
1335624
90440
1737032
1605962
1892680
835918
90448
1843537
1679698
90451
1081683
1204572
1237350
90470
1827174
1139049
1589609
991595
2105704
2154860
90480
2031985
1204594
2113908
1368438
90491
917883
1843583
90496
90497
549250
2982272
2154885
90503
90507
90508
90510
2728336
2359697
1606034
2490769
2720145
90517
2793872
90519
90521
90525
90526
90532
197034
90539
90542
1163715
926148
1327558
90567
852427
90572
1712587
90575
278998
90583
1655258
90588
90589
90590
90594
1335778
1335780
90597
131558
2064873
1778154
2269675
2474474
1868270
90607
2261492
90612
115190
2818551
90616
90618
1180155
90620
2040316
1016320
2097664
2269699
90628
2351621
1393159
1999367
2310665
549387
1327627
1327629
1991181
2499086
1688083
188948
770582
90647
2302487
1245724
1933853
90656
2335269
90664
2040360
1810987
1270318
1139247
1139250
1499698
2064947
1327670
1073725
1524288
2040385
1524293
2368072
1679948
2802254
852559
90706
1786450
2081371
2171484
1565280
1720929
1598050
2040419
90721
1245801
2998894
1335920
90738
295540
2474612
90752
762502
90759
1606281
1344138
1720971
606860
90762
90766
2015881
90768
90769
2212492
2335371
2892433
1630870
90775
2114199
844442
90779
1368734
1016485
90791
1508007
1106601
1999530
90794
1114799
2286255
90802
1073843
1131186
90807
1950396
1319621
1327819
901836
1786575
90832
967382
819926
1327832
1647321
1524444
90846
1245920
860900
90852
1565416
2908905
787180
2720492
1385200
90865
1139442
1393397
1827573
90870
852729
1409785
1499899
90877
402175
90884
1540868
90888
1622793
1573642
90898
2876180
90902
1573655
90906
1401628
1155870
90910
860960
1434404
1729317
2081576
90920
1712939
90924
1229613
615215
90927
90929
2728752
2204467
1835829
1753911
2245435
90950
90951
90952
90954
844622
2048846
394064
2540370
1835861
90966
90968
90972
90976
2171745
1696613
1745768
1180525
1467246
1819504
90995
90996
1344372
91000
91001
2581370
1385339
1221500
1385346
1155972
1311639
1409943
189338
91035
1713051
91037
2171803
91039
525218
2171811
1598373
91046
2843557
91049
2081711
91056
1344433
91065
1622970
1467324
1262527
115649
1909700
91078
828362
861130
91084
1713099
205772
1344463
91085
91091
1713110
91094
1541080
2859990
1450970
2180061
2597856
91105
943073
1762275
2982880
246757
1262566
1311717
1549286
181226
861163
852976
1557497
2171898
3007483
2352125
91135
1319937
91137
91139
861187
1885187
1565703
1311752
1442825
246791
992271
91153
1680403
91158
1328155
1442844
91165
91168
1942564
2278436
1467430
99368
2212904
1328172
1983533
246832
91187
91188
1934394
615483
2761792
2303042
1721411
91207
91209
2171980
2352204
91217
1942612
771157
738390
2049110
91220
2794580
1631323
1705052
91229
1631325
2376795
1721440
156768
1877090
1746015
91236
91237
1328230
1713252
443495
91240
2712676
91248
2229360
91252
1516661
1721465
869498
91258
2131071
672897
91266
91272
91273
91275
1721485
91281
91284
2581653
1172630
91293
91300
91301
1262759
1729704
91305
1803434
328875
91308
91309
1057967
1320111
115889
91314
91315
91316
91317
1647800
91323
1590460
2311361
2335937
91331
1623235
91333
91334
1565893
91336
1918153
107721
2049224
2122956
91341
1451214
1901775
1180880
91347
1205459
1049815
1058010
91355
1320165
91367
1631464
91372
894191
91379
91380
853240
91384
1197307
1049852
1615107
2499844
1918217
91406
91411
2270484
2098456
894233
2827545
91421
1230113
1893665
2663722
1328428
230716
2663744
1467713
2753858
91463
91467
2549068
2032979
91475
91478
1320284
91485
1066334
91487
1819997
1967452
2844001
828771
279911
91499
91503
1361269
1426806
91513
2516347
91516
91519
394625
91524
91526
91531
1623435
2565515
91534
2483598
2368914
91543
91545
91547
2663839
91561
1746350
1885616
1754549
763318
1361335
91580
91582
1828290
2221508
615877
91589
91595
1041870
91599
91601
91608
91609
91611
91616
91618
91620
91623
91624
402923
91630
1697263
91633
2049522
2180596
1762806
91640
91641
1197562
943611
1885691
1353213
2369017
1058305
1975810
1132045
1754637
1230352
91666
2778645
2565654
2082327
91672
2991640
2098715
91676
1312283
2385437
91679
2172447
91682
91688
91689
1648171
1050157
1254962
1738291
1058356
1812020
280122
1508922
1902138
2598459
2041410
1549897
1427019
91724
1484365
2868811
1828435
91732
91739
91740
1721949
91742
312923
1377889
91746
1893988
124516
2303588
91751
1828458
755307
91759
1058418
2778742
231035
91772
2467457
1681028
2098822
91783
1984136
1255049
91786
2778760
910989
2385549
2795154
91803
263839
2025120
2811559
91818
861869
91825
1918642
91827
1951413
2500278
1337020
1500861
91838
91839
91841
820931
1959619
1197766
2811591
91852
1861328
91858
91862
91863
2754264
91866
304858
2197211
91869
1165028
1722086
2033382
91883
91886
1263343
1517298
91892
91897
91903
1427212
1140493
91918
1517324
91919
91923
91924
2197269
2467605
575275
91948
1623853
1976110
837428
1271606
1394486
1771323
2311996
1640253
1042240
91971
91973
91976
1271625
91979
1836876
1722187
108366
91982
2139983
91985
2467661
1140567
1296215
1255258
91995
526172
2213725
1361760
468833
1689450
92011
92012
92014
92017
1664882
812917
1976181
92024
92027
92033
92034
2295685
92040
305033
1894281
894860
2221968
92049
92051
2082708
92054
92057
92058
477086
1107872
1255340
92078
2910127
1288113
92082
92081
92084
886706
1279930
1501114
92091
2140093
288702
92095
1107904
1845183
1959876
337861
2058182
92104
92105
550858
92107
2402253
1427407
1525711
92113
1558481
108498
1886162
2607063
92122
1746908
92126
1583071
92132
2861030
215017
92138
1337324
92144
1386481
2639859
92151
1099768
92152
288762
575484
92158
92162
92163
1067011
1583107
1452038
329737
1935370
92174
2729998
1935379
1386516
92180
92186
1353762
92201
92203
1050668
92207
542767
2877491
92213
1746997
1206329
1435706
1886267
2000953
1878077
2410555
223297
1280068
92229
92234
1550412
92237
92238
92242
2877523
2132053
92247
92249
92252
1108061
92253
92255
256096
92257
92256
2361436
92260
1370212
2263149
92273
2779249
92275
1820789
92283
92285
2123902
92288
1067139
92291
92295
92297
2132105
641165
862350
592021
2402453
92311
2762902
92313
2754713
92317
469152
1116325
2893992
92329
92337
182450
92338
1394868
92344
92346
2869436
1067197
1394878
92353
2238659
92356
92359
2312391
870601
92363
92371
92373
92374
1386711
2222293
944351
1140961
1779937
1525987
1960161
2025699
1689830
2525417
1460458
2885866
1640685
805102
92399
2107629
92403
1157364
92405
1222899
1845491
2140404
1706233
182525
100607
2017536
92417
2590979
559365
1845509
92422
2402565
92425
1878281
1386763
1067275
92427
1984777
1296663
2410776
1567002
1386780
2189597
2418973
1665311
92450
92454
92457
2050346
1124653
1403184
2132277
92470
1403190
92472
92473
92474
551227
1509687
1427767
2672962
1919301
362824
92491
92494
797006
92503
92505
92507
92508
92509
2541915
870752
92513
92515
1452387
92517
174438
92518
1452392
92521
1386858
1755498
1706348
92525
1214832
92530
985460
2140540
2787710
92545
1255810
92555
92558
92559
1681807
1829264
92562
92563
1182097
92576
1616290
92578
92583
1829288
1747372
985518
625072
92597
92598
92608
92609
2214340
772549
92614
2582983
92618
2451918
92628
1255892
895447
92631
92635
1141215
1657313
1542626
1206753
92646
567784
1386989
92654
1706478
92658
1395186
1681906
92661
1862134
1665527
1550840
92663
2017785
92667
92669
2681344
92674
1722882
1444356
2927107
92678
1944071
92679
92684
92691
363029
92696
2894362
993819
1329698
92713
92715
92716
92718
2148912
1665586
1714739
92724
92725
92722
854583
92728
92730
1354302
92736
92740
92742
363079
92747
1247819
1116749
92754
1133140
1985108
2951768
2026075
1370716
92765
92766
1518176
1403489
92770
1837672
92779
92786
92787
92791
1247864
92798
2853502
92800
2034305
92802
764547
92804
1854085
92806
576135
2116232
1575561
1075851
92812
92814
2140814
92818
2935443
92820
1723031
1403546
92826
2247327
92834
2255531
1370799
92851
92852
1452725
1649336
92857
1551033
174779
92860
92861
92858
2755257
1100482
1419973
92869
1960646
92875
1575629
363216
92891
92897
92903
1370861
92909
92911
1895149
1321711
92914
2255602
92917
1420022
1575673
1116922
1731330
92932
944904
92936
1837833
1846027
1616653
1444622
92945
502545
1731349
2099994
92955
1297181
92958
92960
502560
969506
2394915
92969
92973
2878260
2714421
92988
756541
1116990
977727
92991
854846
633664
92999
887628
2665293
1362767
93011
1755989
2255701
1141610
1403754
1780586
93037
437103
93040
1682289
93042
1837950
93054
1108864
93057
1543043
740228
93059
2550659
2624389
93067
1780620
93072
969627
764833
2141093
1346471
707496
1190828
1813421
1911730
1493942
1469367
2010043
887741
2313150
1764288
2100172
2558926
1297360
2821072
2788308
232409
1633241
125916
1264609
2280417
2010083
1321980
347140
2075653
1264647
2280455
1362974
1428533
2255925
2690104
2108474
2034747
1518657
2534472
1207388
2411612
2813024
478310
863338
1789034
2862190
1387636
1010808
1698942
486528
1404033
1494146
1264775
1920136
1453205
306326
1412249
847004
2657443
928932
724133
126123
1723575
2157752
1739961
1346746
1649860
183493
2895048
855241
2804942
2378967
1551579
1207519
1510624
2231526
1699051
838899
855286
2532548
2313468
126210
1109253
1928453
1551623
2534665
2551049
2100494
1797396
2649366
1551639
773406
1183008
2223392
453924
1871144
1174834
1903926
1518917
1150283
298319
2207055
830810
593246
765283
257381
863589
298343
413031
920937
1731957
2166134
1314168
658814
945535
2141568
1617285
1314182
2510214
1838472
585097
1928589
830862
1125776
1650065
1502610
1633681
970132
1617304
1338777
1125786
1953178
1396127
961951
2166175
1961378
2657703
1936819
1666487
1732030
1904066
1945027
1502664
2190795
2117089
1707490
2149857
1355237
2493927
1297898
1297899
2403828
2592244
2223623
2534926
396815
642582
1904151
93729
1797666
2199075
1707557
863785
781871
1371702
1535548
585277
2199102
126529
855625
1175117
2559568
1338964
405079
1429079
847447
1683033
2772572
2412130
527974
1740391
2453100
167534
1257070
421498
2363005
192126
1560190
2166399
2330239
1379974
1822348
1339021
601741
2043537
1896086
863895
1150618
1535643
2174619
2100894
1904289
1920675
1822372
2133667
2141863
2674349
1724083
1339071
1732289
2379460
1502917
2150086
1093328
1994457
1502957
1978095
1396466
2952947
2207476
1879801
413436
159486
1003263
1519359
93953
2518785
2879236
1257221
1257223
1601292
2158350
1371920
1339155
855830
1830681
1339162
2027289
2330393
1683231
1978149
1462055
1756967
1355561
2035495
347949
2551601
1339190
1412925
864063
2182981
692039
2166600
85837
1199952
462679
1994585
765787
298843
85854
2232159
85857
1052514
2043750
855911
2887528
85867
2248556
85869
2674540
85871
446320
85873
585585
2002805
85881
1486721
2412418
2199431
2576265
1552266
1314701
864144
85909
2568085
1191834
1396635
2445212
1191837
1896354
831395
602022
1208230
85928
815017
85931
2002861
1666991
85939
85941
85948
2854851
85962
85963
1691597
85966
1142735
85972
2748374
85975
85987
2240485
2101224
1503212
86001
1454066
839668
2035700
2650100
2101239
2928632
143354
1462277
847877
86033
86036
2052118
1552408
1069085
1683486
86047
86051
2928677
86057
2732076
2289713
380980
2273332
2027575
831552
86083
86088
1798217
86090
667725
2224205
2101327
2084944
1208404
1871957
1208411
2682972
1249373
1339486
1454177
1372258
1863782
1208423
86126
1339504
1314930
2814066
1388665
1339518
2584705
1192068
1339529
2699402
1134732
1208461
348304
86160
1470610
192661
1052821
1544343
913564
1421468
1552541
1831069
86176
2093212
2658466
1437862
94381
839860
94389
86199
2101433
1634493
2420925
1831104
1462467
1822916
184518
610504
2011336
86218
86219
1462474
889036
1355982
86224
2101456
1372371
1356001
86251
1339627
2674925
86254
2101486
1994994
1282291
2035955
2568436
725240
86272
1282304
1831170
1339654
86289
299282
2044180
2773272
1241372
1405221
1356070
1225002
86314
1863980
2986285
86318
1356085
1339704
86334
160066
86339
86340
86345
397643
1216849
954709
86361
962906
1028442
2429279
1167712
1552736
86374
2150758
1823080
86377
1233254
2380150
1364347
266620
86398
1831295
1888639
1692033
2675072
1872258
86406
86407
1249672
2994568
1339789
2363789
86415
2175380
86422
1372566
86424
1814935
86426
856472
2429339
2601374
1986976
1749414
86445
86446
2224558
2224563
86452
86453
905660
86461
2421182
1167811
1388996
864707
2224580
1872329
1339850
86475
1593803
2167247
86483
86488
1397209
86493
2101725
1282527
2208221
1888741
86502
86505
2216430
2036207
2249201
1143282
659962
86524
86535
2183687
1987080
2069002
86539
1634827
2298381
86542
1438223
86546
86548
86550
2036247
2232861
86561
2052642
86563
2175524
2355748
86565
2658859
1258028
2224690
651829
2044469
2175543
2036282
1151548
86591
1774143
86592
2953792
1774147
1962564
1462853
2470469
2224713
864844
86613
86614
1978969
2241114
1938011
1077854
1831519
1528416
86625
2552416
2675302
1552999
1782376
1167977
1356393
86633
2830955
2355822
1561199
1970802
2577010
86647
602744
1340023
1684088
86652
1380990
889470
86659
2044547
1127046
86670
1897102
717456
86673
1725072
86676
86677
1929876
1389207
2101909
1266330
1381018
799388
1618586
86687
684704
348835
1110692
1790628
86697
594602
2282156
1340077
86702
1077941
1274549
2110141
86718
1381058
1888963
1356485
86729
1561292
86732
2601678
2781904
2208465
86740
2593495
1577688
86745
1389275
930524
86748
1864411
86753
1479394
2511587
86757
930537
2233065
86764
447221
86775
373498
725754
86780
2495231
1553155
86793
2241291
86798
1389330
2781984
504613
1430310
1282856
86825
1438513
1798967
86845
86855
86857
86858
2208587
2036558
889689
1315677
1487711
2110309
86895
86898
86899
1184631
86906
1766267
1823617
2700161
1528707
2708353
586632
2175880
1725322
1749902
86927
86928
2839439
1774483
1102740
86936
1430425
2061209
2192281
86940
2724760
86946
86952
1602472
1364906
1921963
2618280
275375
1774511
1864623
103347
2372531
2053047
1102779
1840066
1659843
1635268
1438663
2700232
340937
86985
1160139
1323985
930770
2388945
562134
2724824
2413529
87003
87005
1725409
87016
2175979
1922028
87024
1119218
472050
2200567
87036
1987581
87039
1274879
185343
1938431
2175999
87040
1971207
1897480
1299466
1037324
87052
1340441
1561626
87065
2774046
1504288
1651744
87077
87079
1119272
1102891
1102899
1045561
87097
1332287
87104
1365057
87109
1455175
87113
709709
87118
87119
627789
1635409
2323535
2356305
2749523
1479766
1070174
1250400
87139
1455209
1201262
554101
2004085
3011701
1176698
87164
2700413
87167
1119364
1504389
1430662
2159751
2569348
160908
1528975
488592
2356367
1094802
87189
1102998
750742
1668250
1856668
87199
1504428
980144
87218
87222
1103031
87225
881850
2356411
652476
1676480
87234
87235
2700483
87239
1201361
324825
1094874
87259
472286
87266
1184995
1520866
87269
2143462
2176226
1938664
2102505
2266346
87275
87270
2651364
2856171
87279
996583
316657
726263
87289
2036985
87291
849149
2856190
1717504
87307
87314
554263
1619224
87322
87325
1504545
87332
1676582
87335
2913574
87337
2594089
2635053
1733936
1504561
2037041
2331952
1193269
1406264
1389883
1619261
87358
2094397
1627456
103744
1480002
1701186
87361
2176317
111949
87376
1938771
628052
2274644
890198
87383
1340761
1619290
87388
87389
775518
1840480
87398
529767
87404
87406
1348975
1840496
1414513
1758577
2471279
2512251
87420
87422
87426
1521027
87433
1193361
1340817
1783185
2028951
1389980
87454
2839966
1332642
2110882
2143652
2135461
2323877
931239
1947049
87468
87469
87470
1299887
480685
1627566
2422196
890293
1267125
87490
87492
87493
1496521
1406410
87499
1291724
87502
87504
1095124
890325
1299925
1627615
87523
2291171
996839
1988071
1193450
87537
2135537
1398259
1259003
87550
161279
87552
87553
2053630
1332740
292357
2799115
1095181
87567
87570
87573
87574
87577
95778
1095208
1619497
2266665
87596
87597
1947189
1857080
1758782
1340991
2340414
87617
1136194
87619
87620
87621
2045510
2553408
480840
87627
2225740
1644113
1693267
1693268
1701462
2299478
530008
1660506
2356827
2111069
2913886
87647
1586783
87649
1349220
2225766
1652330
1087086
849519
1586799
87666
2389619
87668
915060
210551
120440
1341049
87674
2004599
87671
1939071
87681
87684
87686
1349256
841357
1341071
300693
1660566
87703
87702
980635
972444
1791645
87713
87714
2356899
1676964
1283751
1652401
472754
2348722
2193077
2340543
857795
2045636
218824
87755
87756
1668812
87760
87761
1259221
87766
2102997
87768
87769
2299605
1283803
1332957
1431261
2340574
1521380
2774756
923366
87784
1808104
87787
2864879
464624
988913
2340593
87799
2627324
1373949
1644290
1341187
87812
2135810
2184964
2184974
2635543
1586968
87832
1259291
87838
2733857
87845
2275109
1554216
87848
1701675
87862
1955639
87865
2905915
87868
2275134
1873729
87874
792387
87876
1611586
546626
87875
1341258
87883
87889
1087316
87893
87894
2987864
2021213
87902
300894
87901
87905
1742694
2144104
87916
87917
1972076
1251183
1341295
2619254
87927
87928
1243001
2078584
1374080
2037633
1554307
1079174
87944
1128331
87955
2135959
1259420
87964
2414495
87971
2037676
87982
87983
1750958
2127791
2373551
87986
907191
2422713
87994
1259452
87997
2406333
1374143
88000
1079231
2119615
1587139
890820
2144197
2693053
88007
2340810
88012
88014
686043
1980379
2652123
1259488
1243105
1316834
88035
2029540
88037
88040
88043
2111468
2144247
88056
88059
841726
2865153
88068
2144261
88071
1177610
768016
88080
88083
88086
309272
88088
88091
1554461
1095712
88096
907299
88105
88113
88116
1931321
841790
1603648
645184
1185858
88133
88135
1390668
1759314
1685588
653397
88155
2005083
1087584
1030240
1112161
1603689
1931369
2242666
1259630
96369
1767540
88185
1751164
1964163
88196
2398344
1439882
1906826
88204
1792141
2963594
88207
1136783
88209
88211
1554582
555160
1185953
2046114
88231
1808555
88238
88239
2177201
88245
1751222
1792182
88246
1833142
1095866
1603774
88255
1292483
112836
88265
88272
1145041
1341650
2095315
2136278
2095324
1824989
88286
415967
1284320
1366241
817379
1702115
1267941
88293
88300
1906929
1243381
88312
162041
1259770
88315
1734906
2406661
2078982
825606
1792264
2357510
88333
817422
1259794
1702162
88341
88343
96538
88347
1808668
1800477
88351
1603871
88353
1456419
2038052
88359
88360
88361
2816298
88363
88365
88367
1300784
88370
88379
88381
1587518
1751359
899394
1481027
301380
1464644
2414916
88392
1259855
309586
88403
88402
88405
2029913
88416
964961
88417
760163
88418
735592
1751400
88427
1210738
1227126
88438
88441
1677689
1726844
465277
88446
88447
88449
1046914
88450
88453
88457
88459
1882507
113039
899471
1350035
1358229
88471
850330
88474
1145246
1186208
1178017
2644385
1800611
88485
301486
2939310
88496
88497
88498
2767282
88500
2120117
1309113
2070969
88508
1145280
2701760
1710530
1751494
1325512
88522
2136523
162260
1219029
1481176
88540
1358300
1464797
834015
1710557
1260001
2628072
2701805
834031
88559
1423856
1112563
2873844
1047029
2341366
1825272
1489400
88570
2087422
2587135
88576
88577
88582
1227270
1301007
1743377
88594
825876
88596
88601
1710617
2226715
1686042
88605
2538013
2472479
1350181
1718821
2054694
1268266
1301035
2587187
834100
1342008
2964026
2136635
1915452
1677885
88640
1530434
88646
1333834
1604170
88652
449108
1727062
1555031
88664
1325658
817755
2128480
88678
2153069
1514094
88687
1342066
88694
850554
1718906
1505916
88700
2538110
1751681
1219202
88710
1260168
1440393
88714
2783882
1792654
645774
588434
1432213
88727
858777
88730
383648
1874593
350882
1497763
88740
1981091
514729
2267820
2366126
2325168
2267825
1440434
2325172
88757
2742966
2144951
1678009
88763
88764
88765
637630
88768
88769
2513601
1661635
563908
1710787
2071238
2144963
1514184
88777
719561
2415307
2013902
2824911
2718418
88787
1825493
88791
88795
703197
2251488
88805
2349798
88807
604904
1719015
2087658
1325805
867055
88817
88819
1415923
1334005
1661683
2693876
1809144
88826
1334011
1547005
2169599
867074
88843
88847
2145040
88849
916242
88852
88853
170774
1719067
1137436
88864
88865
1137444
88869
97063
88872
1866537
1055530
2489131
1563443
187192
1637177
2202427
1809213
2415424
1194820
88901
88904
850764
88909
88908
1268559
1137488
2538319
88915
113493
2931542
2423639
88921
88922
179035
88924
1817433
88926
1301344
1538912
269154
1325923
1375082
383852
1604461
1940334
1801072
2104178
1719156
2562940
1325950
88959
1334142
1489792
88964
88969
1334159
2349967
1579919
2571156
1366933
88982
1342364
88993
859044
89001
89014
2128823
89016
252858
2317242
1334204
1416124
89022
1219520
89025
2489282
162755
89032
89033
89034
1432523
1596363
89038
1326032
2800595
1792980
867285
2890707
89049
89050
1850332
1711075
2014186
89069
89071
1522672
932849
1473522
89075
2702319
2825203
89078
89080
2128889
891896
1801211
1743868
343037
2071550
1965055
89089
1416202
89102
1539087
89111
1195041
89122
474146
2636833
89126
1571882
1727532
1334321
1621042
1408053
89141
285751
1539128
2325564
89149
1956925
1793089
2341954
89164
1375309
1965139
89175
1932377
1375323
1350750
908382
1932382
1244257
1391713
1989730
2276450
2014309
2382951
1563753
851049
941169
892020
89204
1334389
523386
2079866
1375356
1203336
2153613
89230
1621135
425105
1326226
2669713
1088660
89238
498839
89242
2579612
89247
89248
89251
89252
1023142
1490087
2104486
2243751
2350249
2596011
89260
1088685
1612973
89263
1064111
1506480
89257
89267
1334454
89272
1334457
89281
89283
1178819
89285
1817802
89294
89295
2923726
1539287
89306
1924314
2145501
89313
1334499
720101
875751
1105133
1146094
89327
89329
1400054
1768695
2284791
785659
89340
2055419
89345
2104577
89347
89349
1629449
89356
89357
89358
277775
2293005
531728
89362
1522963
2342162
556309
89366
2030872
1678617
711962
89371
1858842
1072413
1375519
884000
990498
89380
1449252
1400103
89384
89385
1080618
261419
1891623
2792747
2915627
89391
949553
1850678
2178366
2424132
89413
1703238
89416
1899848
89418
2874696
89421
1949008
89432
1080666
1572189
89437
89439
1187172
818536
89448
1572200
2030957
1408367
1203567
89462
1178999
1334649
2514298
1924477
1932669
1932672
1006980
89477
89479
1260939
89483
728461
2399634
2391447
89496
89504
1916321
2235808
89509
1883564
1260973
1154478
2768303
89520
89521
1686961
2473392
1310133
2465206
1359289
89531
1326532
89542
1261001
89550
1351118
89553
744914
982483
2170332
933342
2055648
1342955
89581
1392109
89585
89588
1334773
89591
89595
2629121
89605
753158
89608
89609
2317837
1318415
1187344
1261073
1064466
89619
89617
89618
2694676
1187353
548378
1539612
1941020
89635
1318435
2129444
2096678
2801190
89640
89641
1359402
89648
818738
1564211
89653
89657
1769020
89662
89663
89664
2244161
2399809
1556037
2113093
89671
2227784
1146441
2899530
1973836
1326675
2711127
1261151
1359462
89704
1097322
89707
2104939
89709
2276970
89711
2489965
1400436
1179254
89719
2399863
89725
1851007
2498177
1908355
89732
1351302
89736
89737
310921
89741
1457805
1531535
2424467
474773
1760924
1441439
89761
89764
515749
89765
89767
1162925
1089203
89780
2719412
89784
89790
89792
1187521
687810
1343174
843463
884425
89802
89804
1343182
597715
89813
2236118
2645717
89817
1556193
3006178
1253091
1261284
1916643
2031331
89831
2146036
2399993
89851
2785021
89854
1187585
89859
876293
89861
1990408
89865
89866
2170636
89871
1122064
1867535
89875
1605397
89879
769815
89881
2260765
89887
2055968
89889
1187619
2293540
1457958
2367279
89904
2195252
89909
89911
1589055
1949505
393033
89931
89933
89934
89935
130896
2031441
1458002
2727763
89943
89945
89946
1490780
1466206
1949540
89965
89970
1253237
89975
89979
89981
89982
1294209
589700
89990
89993
89997
1400721
556946
1417108
1441688
90009
2138012
90018
1318820
1154981
90023
1073070
1400754
90036
90040
2424761
286651
1064892
90045
90047
90048
1761222
1687494
1253327
1957840
1261523
933844
90069
90071
1679322
90081
1015778
90085
1122278
90086
1834982
1368049
90098
2047986
2719729
1941493
843768
90105
90106
1318906
90108
2154491
2351102
2113535
