99888001
991921217
99561294
991464688
99232577
991621009
991420169
99157363
99136782
99135020
99737274
991414198
99265458
99136168
99958429
991635107
991432650
991612092
991287501
99135798
99670011
99653164
991621330
99156732
99475725
99157273
99208495
991526179
99161069
99138538
99223774
991754698
991610783
99254363
991764424
99196353
99556691
99227528
99181035
99141096
99449400
99147099
99486934
991415064
99136914
99664088
99958425
99401337
99717730
99649641
991754852
99405080
99688419
99270202
99637043
99203033
99413572
991454006
99197618
99666355
99556708
99171061
99184648
99445751
99130452
99146683
991525972
99150458
99183283
99133327
991456810
99615349
991410204
99285594
991305037
99556427
99944934
991621389
99362410
99557062
99657195
991754806
991413919
991461661
99959826
99961630
991274107
99958059
99957929
991621377
991367153
991436922
991078413
99179200
99677292
991420193
99606593
99162512
99267852
991289454
991761017
991298091
99439303
99595713
99188232
99402193
99188484
99675979
99876015
991358223
99958068
99605729
99740454
991636154
991636301
991464647
991531474
99336509
991526051
991621029
991839865
99790453
99160671
99176858
991411546
991754845
99583012
99287728
99685406
99198350
99789867
99958621
99727819
991840193
991539459
99322919
99147820
99622482
99669421
99959658
99132024
991414154
99228080
99132755
99401020
991432956
99155852
991621091
991636247
991415099
991415096
99164632
99195887
991653214
991017817
991754838
991612061
99205883
991287515
991539663
99195468
99348086
991029537
991263804
99223705
99178504
99412996
99556907
991075460
991437354
991637711
991525565
991263794
99373084
991734537
991097321
991610705
99227577
99875943
99147814
991525611
99646017
99130205
99142591
99185381
991621064
99557425
99568963
99671006
991754014
991289452
99205323
99240644
991840221
99876066
991621195
99883430
99135044
991434665
99163121
99559204
991764337
991464683
991760991
99252472
99441645
99605140
99145130
991653366
99180392
99387519
99325010
991135508
99146702
991525500
991238237
99144301
99142267
99296319
99321520
991733166
99135273
991413871
991461769
991621406
991539656
99667017
99146985
99242010
99310762
99132546
99166038
99789676
991840222
991874907
99399184
99642408
991635126
99359611
99652033
991437928
99183620
99127768
99204063
99269393
99482761
991703400
991754669
99259063
99239942
991526109
991637591
99250326
99396705
99588744
99251281
99519572
99538997
99182650
991839848
991841691
991531857
99196931
99446583
991263798
99171838
991840068
99958110
99185701
99958023
991285334
99146711
991653320
99723244
991764283
99245486
99170087
991264711
99151367
991734672
991531806
99183766
99299283
991367124
991612057
991764378
99356951
99512456
99130708
99225917
99188679
99728842
991461649
991612063
99643524
991764408
99257769
99219230
991263788
99140105
991653338
99202702
99365773
99136922
99319287
991263787
991840110
99234882
99945030
991531501
991754036
99128748
991637577
99210552
99540365
99406232
991413618
99275118
99143147
99958489
99172056
99413005
99561490
99689870
99143649
99958116
991653334
991734632
99667554
991461796
99199875
99266585
99706223
99723164
99614515
99626950
99958396
991415017
99162528
991754720
99288221
99396800
99655631
99745635
99959817
991043604
991434584
991066713
99345504
99957980
991305041
991753990
99196278
991285254
991621021
991621340
991764395
99244309
99686535
991461654
991733287
99269336
99570032
99888081
99958506
991274053
991414988
991420199
991621339
991285414
99160494
991840140
99876095
991754733
991921027
99297951
99570534
991311128
99202922
99280287
991591359
991636267
991841383
99357405
991621341
99307616
99388377
99540951
99617868
99299000
991461853
99156445
991841826
99522453
99176467
99202267
99216089
99958638
99144116
991612179
99170499
99177451
991097318
991526188
99160683
99412780
991099489
991653362
991753937
991839988
99650127
991388792
991653079
991753875
991754661
99679446
991531750
99314562
99390997
991305568
99140322
991531778
99651524
99710119
99727600
99161040
99436713
99567970
99131821
99792120
991007450
991434595
991525486
99157182
99161967
99266030
99518449
99782915
991526117
99153358
99992331
991525496
99280264
99438165
99534424
991676964
991753908
99241911
99411807
991410247
99560387
991410222
991525658
99175225
991839880
991860501
99259272
99748995
991138090
991610658
991764315
99129851
991621143
991285376
991840073
99556951
99641230
99888050
991525550
991637632
99210164
99536065
99336286
99459895
991158862
991526052
991437885
991610637
991735917
99202282
99783138
99958503
99144834
99560633
991461876
991612112
991461668
991737101
991752080
99663561
99790774
99167392
99556902
99652736
991760940
99471091
99615343
99146037
99155080
99180173
99390926
99183708
99469990
991531600
991841728
99576549
99606620
991531543
99283330
99471817
99567443
99618297
991414185
99225826
99164064
99164759
99717551
991525980
991526054
991591353
991626449
991637590
99229441
99470978
991157745
991311170
991410143
99442031
99488681
991367170
991621043
991754004
99179681
99649649
99695447
991311156
991839920
991842202
99618406
99716627
991754754
99240904
99959731
99991446
991461716
991464862
991464872
991515880
99499004
99720429
991921167
99450208
99132763
99136402
991621119
99234738
99462529
99135248
991531869
99170902
991753947
99207159
99258904
99619856
99129382
991314789
99149924
991635586
991637664
991840050
991840127
99184590
991861694
99577120
99991487
99171633
99178444
99564842
99564847
991434659
991526143
991704423
99153918
991839945
99262578
99439289
991285295
991436851
991531911
991753919
991095710
991525472
99157165
99294835
99643212
991621367
991840037
99246974
99558267
99204855
99224395
99682727
99130164
99131282
99141496
991612070
991621121
991840186
99399599
99630741
99724882
99753439
991754006
99264897
99272936
99404936
99496840
99612613
99959504
991116933
99149834
99389686
99395068
991263779
99154537
991637729
991754681
991764349
99434126
99129025
991415121
99166811
991735930
99925333
99178467
991839835
99256932
99451825
991531804
991612047
99169364
991764291
991764421
99178605
99199920
991464796
991527013
991636283
99190093
99221825
99347988
99521825
99618418
99876134
991434638
991526012
991754052
991840096
991415007
991438018
991839893
99242738
99711919
991525985
991610706
991758420
99313689
99348001
991652996
99260056
99266554
99139622
991521392
99179742
99204581
991531541
99218131
99220970
99450444
99876043
99184790
99427485
99556581
991610715
991735898
99278539
99556863
99644486
99712259
99888124
99888656
991621262
991637636
99175073
991764306
991287549
991464877
991635627
991761022
99291987
99395598
991621010
991754766
99186251
99230033
99685343
991285350
991301919
991438022
99215757
99227992
99230414
99718289
991414902
99154021
991734588
99346610
99490335
991274087
991360130
991653314
991760921
99364457
99449458
991025357
99165908
991839878
991840005
99198656
99589169
99789879
991653002
99274107
99535953
99652487
99687677
991108935
991167827
99145544
991754029
991839923
99364469
99403734
991008475
99155832
991754035
99237363
991614897
99223940
991112857
991287558
991410254
991525686
99677278
991014235
991610759
991636198
99178298
99195168
99378996
99624232
99719283
99735281
991045665
99129450
991637565
991008304
991411585
991525574
991841404
99229028
99247642
99482749
99559646
99625474
99992315
991358194
99136913
991637676
99244149
99344735
99137206
991621357
991635608
991921064
99257549
99470012
99781341
99579617
99745423
991434642
99159731
991761033
991764403
99307887
99471075
99556687
99992342
991007716
991008572
991301994
991461785
991621204
99170740
99602906
99584039
991287481
99160007
99161502
99174719
99233061
99241896
99337589
99345808
99508460
99527374
99680855
99158380
991610662
991761035
99185324
99200437
99261872
99393515
99731284
991410219
99152575
99173379
991764266
99291347
99460579
99474441
99944978
991007738
991271812
99183184
991920768
99218198
99239604
99246126
99666203
99964939
991305038
991461724
99959604
99161553
991734538
991760942
99178442
99243290
99294260
99413704
99536058
99606591
99958063
99991408
991360123
991531666
991733286
99191857
99265395
99599474
991174553
991414216
99143638
991464873
991539589
991551220
991753971
99480569
99499015
991301912
991411497
991437890
991544052
991635714
991734531
991753884
991840165
99214576
99315735
99601427
991734629
99183310
99218136
99290356
99434995
99731805
99127939
99173171
991754760
99214887
99229148
991301890
99143410
991464736
991637628
99743536
991464868
99165675
99169318
99217348
99556707
991298042
99137214
991590586
991653307
991753893
991760986
99535228
99695186
99710738
99521495
991118547
991287541
991367771
991635609
991839861
991839876
991840054
99197054
99219256
99298624
99500249
99531595
99959561
99130538
991839984
99200692
99586373
99643539
99668225
99710028
991315261
991610657
991753930
991764282
99247619
99261798
99288684
99599885
99711427
991032900
991410250
991612050
991621278
99178291
99243262
99390455
99444867
99502197
99710813
991437409
99144397
99527847
99629693
99699789
99711632
991527068
991591382
991634962
991734555
991754071
991754708
99640657
99642793
991043611
991417545
991526043
991760884
99214859
99255077
99874723
99958066
99130702
991464863
991839966
99279197
99361351
99541405
99597450
991287575
991527092
99171618
991733218
991754724
991839857
99186958
99217866
991760901
99141451
991734502
991760966
991841818
99556908
99648676
991257766
991432681
991539639
991667973
991754730
99221953
99237425
99401361
991007763
991753862
991753981
991840081
99188332
99194017
99518875
99559190
99672579
99928881
991045239
991159570
99138187
991539684
99157499
99157885
99163415
991840009
99247914
99611899
99959557
991297175
991413532
991420150
99235537
99340229
99401355
99404857
99531610
991358270
99143566
99163897
991734498
99197169
99224391
99231491
99517018
99560183
99584412
99737240
99876129
991413867
99158768
991610677
991760961
99205339
99283754
99470703
99169073
991764323
991839934
99186132
991921750
99208919
99346482
99541062
99565063
99583918
99716810
991733276
99313697
99321593
99594592
991272015
991411594
99166863
991753954
991754033
991754038
991760946
991839851
99451781
99652057
99672596
991386838
99156528
99161105
991614921
991761027
99200560
99230952
99657001
99958129
991840229
99279830
99395829
99402543
99648557
99743842
991464708
991621353
99364859
99470859
99473540
99615411
99959463
991304621
99137535
991464733
991544010
991734562
991735995
991841821
99227346
99238020
99350728
99369779
99388302
99556690
99572559
99588297
99612705
99745079
99875997
991287588
991297216
991461720
99435609
99446323
99585203
99625521
99888120
99945058
991525520
991559543
991733278
991760931
99183935
99244589
99266010
99426533
99434011
99556695
99556901
99679113
991305029
991461683
991841709
991921648
99225469
99539887
99557064
99786957
991437856
991464851
991619258
991621058
991754803
991761012
99176540
99470446
99625568
99631208
991526110
991612088
99163632
991760866
99183296
99213483
99280322
99495865
99583670
99711350
991138096
991411504
99161157
991637648
991653166
99184394
99207597
99342458
99649327
99650452
991263805
991314750
99134844
991414195
991414921
991432659
99152559
99171057
99178514
99460832
99495027
99604322
99638068
99717803
99768892
991510589
991733164
991754723
99176549
991840089
99239410
99253568
99272730
99290455
99473106
99559448
99611053
99629486
991414217
991415021
991591490
991733168
991753900
991760869
991761003
99194805
99325942
99489121
99565029
99958044
991415108
99148945
99149325
991539628
99178906
99308657
99336082
99401193
99402545
99156802
991637613
99189965
99202955
99224171
99264751
99460452
99490206
99540074
991526084
991526094
991531585
991635606
99174328
99185102
99323067
99433149
99689132
99791558
99139514
99151061
991753939
99183582
99250168
99287174
99343925
99484464
99876046
991414898
99146669
991525480
991760896
991764453
99215442
99369763
99470919
99471359
99477709
99521095
99579069
99663265
99669891
99729527
991029726
991032702
991032741
99133950
991411434
99141397
991420194
99145587
991456836
991531638
991531917
991621201
991621231
991635073
99172290
99202451
99255148
99635888
99139462
991401994
991760863
99226695
99231997
99273612
99279819
99527416
99667551
99737830
991358197
991414948
991420128
99143804
991469871
991612109
99173728
99206861
99226624
99364925
99471031
99537147
99539139
99720472
99958011
991167649
99135672
991358214
991410315
99146320
991531577
991559723
99167624
991840111
99202737
99223867
99230948
99486040
99499010
99564846
99699784
991525511
991637608
99175814
991764270
99177478
99609734
99681044
99698600
991238279
991360157
99147804
991653125
99182168
99204800
99236994
99307090
99426312
99522454
99574199
99735439
991095753
991301947
991358241
991367120
99169559
991840006
991866988
99233657
99235871
99343555
99470989
99489399
99500239
99508448
99670449
991014179
991263761
99148234
991525527
991531681
991734687
991754051
99200767
99220078
99523723
99143079
991485213
99152287
991544139
991610631
991612153
99161807
991839925
991840223
99426413
99438290
99460109
99958010
991436852
991610789
991612065
991624981
991635701
99196968
99249613
99471809
99569968
991358215
991539074
991636212
991637589
99166767
99218045
99417773
99537621
99598149
99711069
991358207
99157997
991761055
99199239
99329860
99445735
99475366
99480581
99480690
99579060
99698688
991410158
991420207
991753999
991760905
99560259
99596605
99599730
99653475
99749086
991367075
991411521
991525813
99152874
991653328
99173353
991736046
99180191
99233674
99286772
99317799
99470706
99473090
99637765
99876133
99887907
991030084
991753973
991760910
991764285
99214839
99225741
99317222
99495030
99518498
99743643
991012439
99153143
991531769
991653168
991861206
991868760
99253860
99345310
99599382
99624049
99641057
99742880
991043566
991437891
991531940
991544205
99164308
991733208
99176512
99193279
99321229
99467406
99726188
991008732
991045591
991253076
99147317
99152451
991610653
99225816
99249539
99266381
99275860
99412750
99537879
99625188
99698563
99699962
99703414
99774208
991433028
991520737
991527052
991550993
991635699
991653046
99170870
991733101
991736011
991840040
99186195
99262699
99370213
99401141
99677291
99953542
99958564
99959585
99959674
991411570
991610620
991619011
991621157
991621185
991653235
991734683
991736021
991754683
991761024
991841699
99187541
99502318
991287542
991531782
991610603
991612164
99183292
991840026
99241962
99324645
99567779
99622460
99728375
991298064
991410168
991414917
99146527
991636206
99192195
99277788
99374449
99600377
99600575
99665640
991305611
991464769
99152634
991735956
991736051
99460222
99474995
99497882
99740535
991358186
991358201
991411533
991420148
99153877
99155712
991621080
99172541
991410529
991461879
991531494
99167996
991760920
99180351
991839952
99189276
99223449
99223713
99250520
99262257
99620566
991413907
991435094
991461829
991531593
991544064
991637560
991653351
991733223
991733265
991734598
991734637
99177796
99183396
99217750
99230904
99342752
99344550
99485257
99636791
99876119
991264633
991311140
99131369
991384574
991411543
991434592
991531728
991532611
991636211
99220220
99222053
99222689
99248484
99276400
99566300
99727637
99959507
991007384
991007648
991411556
991621135
991733124
991760971
99176682
99655587
99656531
99711618
99716870
99723236
99958053
991085937
991115811
991539673
99172059
991737115
991737157
99174060
991764348
99267298
99286541
99470798
99600055
991414999
99157579
991635572
991754736
991754805
99178340
99181556
991839946
99220909
99240131
99633036
99668207
99691732
99742461
99958030
991085598
99141827
991526078
991621031
99172075
991734556
99374452
99461115
99539918
99564283
99591660
99665521
99875990
991610641
991733254
991754053
991760873
99271290
99286761
99719887
99129232
99130601
991437922
991610739
991637581
99166844
991733115
991839895
991841804
991867416
99193477
99295382
99363168
99403748
99462772
99568064
99675567
99688413
991411620
991414210
991464785
991538872
991621315
991621324
99173432
99181525
99197051
99557417
99647990
99669410
991098611
991531881
99158265
991733142
991734586
991840010
99213012
99240729
99688747
99961612
99991173
991121932
991450243
991526058
991536669
991754059
991760982
991764435
99179534
99208585
99265570
99270317
99320606
99396599
99504937
99524080
99656433
99903266
991311165
991311179
991360121
99140709
99146650
99152188
991525959
99159186
991614890
991637580
991764457
991840013
99319226
991151296
991305061
991461734
991610590
99161398
991621359
991636159
991753899
991753916
991753983
99196616
99269877
99312262
99460363
99505876
99611161
99638058
99977391
99138102
991610718
991636259
991653083
991653088
99176602
99231443
99254463
99255534
99345826
99468937
99558942
99662476
99693239
99711954
99728261
991285341
99129703
991411619
991436925
99157982
99161674
991637684
991637712
99169665
991733146
991754777
991764334
991764420
99180487
99220056
99232043
99346228
99461573
991165006
99141102
991411473
991637699
991753914
991753970
991764342
99189041
99237263
99246535
99281298
99308327
99313025
99367219
99459860
99491847
99560319
99560766
99632948
99685399
99716976
99888053
99139660
991411474
991526115
991531791
991637669
991733284
991753929
99179527
99186875
99193355
99205178
99215059
99220047
99248116
99255081
99340818
99505247
99556781
991063171
991093823
99128867
99136882
991493866
991539593
991621326
99170686
99173938
991764275
991839992
99197657
99219502
99520759
99572105
99661298
99711968
99992311
991434729
99146164
99146888
991525639
991526123
991531628
991653091
991734535
991753885
991753892
99181042
991839917
991839994
99206693
99269893
99343928
99677156
99738868
991043619
991167780
991461665
991521231
991531741
991559732
991612093
991621053
99183035
99183484
991839969
99216619
99234132
99245450
99265881
99375828
99451716
99459723
99509401
99556702
99621349
99677089
99704911
99128025
991358218
991435099
991621087
99173188
991839982
99189846
99232781
99268503
99296308
99307957
99319128
99569776
99579691
99632079
99128230
991301898
99139665
99161666
991653069
99166884
991839858
991841830
99217981
99245446
99636631
99876037
99946019
991104030
991126495
99142414
991531553
991635707
991637570
991637682
991653151
991655155
99170004
991733178
991737190
99193390
99195905
99200221
99247079
99296298
99482798
99711960
991122941
991172453
991269870
99128018
991305612
991360129
99145025
99160838
991734611
991736025
991754022
991764286
99218934
99313738
99368374
99426746
99468684
99483409
99650081
99701645
99749072
99876114
99945034
991187023
99137695
991434635
991434680
99155409
991621050
991636338
991637700
99164749
991754019
991754800
991764436
991839942
991874908
99188098
99259358
99267478
99390731
99887934
991145443
991166370
99130676
991367986
99136986
991515804
991525960
99267896
99399986
99475135
99512395
99647751
99731381
99959833
991124071
991249858
991301832
99139851
99141091
991466585
991621219
991621256
991621312
991635744
99172398
991736029
991753898
991839963
991926153
99198501
99249960
99444953
99539524
99719939
99959486
991014119
991157769
991358182
991411458
991434662
991525541
99157581
99168960
991734591
991920711
99193300
99217726
99233515
99242803
99260173
99271118
99406261
99720427
99959412
991263808
991287506
991311121
991358252
991464827
99148865
991539647
991621019
99179680
99193446
99207305
99315010
99315593
99336934
99376256
99401957
99594130
99632695
99967842
991169295
99134594
991434696
991554682
991635750
991734552
991760948
99494808
99556395
99748180
99772748
991005540
991099433
991155119
99143353
991531670
99154036
991653089
99185294
991869045
99188352
99194324
99395823
99464981
99490980
99520144
99576632
99609746
99612338
99649268
99876069
991134593
991297210
991315268
991406176
991434540
991461764
991539478
991610667
991621023
99171078
991765352
991861708
99218299
99228652
99316021
99352961
99478722
99532409
99534678
99561349
99609744
99649862
99752194
99127614
991464816
991539619
99160668
991652979
99176692
99242667
99293220
99519481
99876017
991301900
99146932
991531695
991531820
991539547
991610688
991637693
991753920
991754020
991760922
99180485
99217299
99315878
99345305
99516528
99615272
99616082
99636775
99664559
99718703
99946648
991014206
991264707
991287563
991410551
99152358
991526120
991538734
991539627
99159997
991635605
991653134
991653217
99248552
99415534
99451820
99567971
99587894
99591548
99592959
99723264
99767681
99945076
991007782
991008700
99136410
991411536
991551496
99166877
991754773
99181418
99240661
99249639
99378969
99481443
99561565
99649665
99751607
991285369
991367157
99141335
991434630
991626632
991635737
991737116
99430115
99476111
99505798
99574822
99586359
99648000
99657119
99672954
99792600
991045274
991420190
99171863
991733149
991737141
991737225
991921639
99213911
99224325
99266705
99317707
99355474
99470936
99572377
99586193
991145467
991311189
991360167
991414864
991414913
99145963
991539561
99158833
991621212
991635566
99170143
991753960
991760885
991765464
99232536
99323804
99401789
99471140
99497419
99656267
99691754
99701019
99729536
99958126
991032867
991434586
991437426
991525966
99154846
991551898
99164005
99164721
99170365
991734510
991737250
991754699
991764321
991839842
99208637
99236172
99237101
99279100
99331646
99364261
99440366
99460386
99518247
99561574
99634511
99691814
99752897
991032725
991168930
991367926
99141807
991461805
99161556
991736089
99174333
991760994
99193633
99214645
99248774
99297856
99358898
99573914
99609663
99649473
99672942
99958115
991263760
99146035
99147055
99164231
991753909
991754703
991764296
991764432
991840149
99225549
99258456
99393913
99436598
99494419
99659079
99671854
99688394
99959805
991157242
991305557
99150125
991635555
99196587
99220741
99227525
99258450
99399939
99461907
99500615
99623208
99666244
99688449
991032888
991108199
991238264
99140720
991420136
991434546
991464756
99149779
991544115
99159539
991623141
99162473
991653185
991653289
991653313
99204838
99285114
99373426
99409747
99426339
99599525
99640679
99642797
99672023
99958546
991174461
991285243
991515812
991531923
991621279
991636218
99268266
99309746
99315749
99346902
99367283
99470924
99503906
99579432
99638137
99649539
99681280
99686804
99883612
99944855
991414946
991531745
99159804
991621381
991634998
991636332
991637690
99170853
991737106
991753921
991754776
991760417
991839833
99257806
99267948
99493712
99498420
99502899
99579037
99632934
99129401
991414139
99145806
991531853
991610634
99161466
991653011
991753991
991754753
991867594
99204494
99213263
99308673
99356210
99443534
99506924
99561390
99720820
99887952
991027879
991264647
991301880
99133242
991515877
991525456
99152642
991610651
99176447
991839918
991868416
991925603
99210595
99225857
99315733
99475446
99477957
99632298
99655637
99727710
99883548
99128716
99135634
991525505
99160451
991655772
991734527
991753913
99210943
99244159
99258556
99289879
99443907
99471019
99720870
99790335
99875749
99876080
99945066
991014251
991301975
99136423
99152317
991612051
991635021
991840154
991874935
99211466
99219177
99225632
99285079
99288671
99415471
99460441
99489114
99535847
99641056
99727863
99887967
991274025
991287420
991382156
99139300
991410195
99149315
991526023
991531815
99162215
991635702
991636164
991655072
99216059
99264281
99291143
99318559
99575775
99681304
99686329
991044077
991525544
991621011
991621078
99162513
991635637
991635733
99169966
991733120
99173730
99178225
99189167
99219011
99252470
99281295
99354134
99400721
99401150
99435424
99460449
99466813
99486095
99508393
99562761
99652643
99958493
991153848
