514
516
517
519
520
522
523
524
526
527
529
530
531
534
536
537
538
541
543
544
546
549
551
553
554
555
557
558
560
562
563
565
566
568
569
579
581
582
586
587
588
589
590
592
593
594
595
597
598
599
601
602
604
610
612
620
621
625
626
627
629
634
635
636
637
639
640
642
643
645
646
648
649
650
651
653
655
656
658
659
660
661
663
664
665
667
669
676
677
678
679
680
725
726
727
728
729
730
731
733
737
738
739
740
742
743
745
746
747
748
755
756
757
388
390
392
394
397
398
399
401
402
404
406
408
409
411
414
415
418
420
421
423
425
427
429
431
432
435
436
438
439
441
442
444
447
450
451
453
454
457
459
460
461
463
464
466
467
468
470
471
472
476
478
480
481
482
484
486
488
491
493
496
497
498
502
506
508
510
511
