1
1212478
1671234
852044
1507410
884820
1572953
950367
1638503
1146985
1146986
884841
2031726
884871
1245338
1900699
2261162
2130094
491696
557234
1671353
1278142
884946
360669
1802466
590054
950502
458986
590062
2130161
196854
524535
2556153
917755
295165
1212675
2294033
2228518
196916
1147205
1737032
1605962
1081683
2031985
917883
2359697
1606034
2490769
852375
197034
852427
131558
2064873
1868270
2261492
1180155
1016320
2097664
1999367
1245724
1933853
2064947
852559
1245801
295540
361097
1344138
1606281
1016485
1016486
1508007
1999530
197292
1114799
819926
1245914
1245920
852710
787180
295667
852729
1409785
1540868
1573642
1573655
328476
1835829
590648
394064
1835861
1180525
1344372
1311639
1409943
525218
1344433
1344463
1541080
426978
1311717
