516096
1
90118
2318343
90120
90122
548875
737293
2056207
90130
1753107
974868
1155093
2187286
90135
90137
1196062
1720350
1237025
2105389
90159
2596913
1753140
1007669
1949755
1237052
1335357
1212478
1187902
90175
1695803
90177
1859651
90180
1671234
90174
1859658
1359947
1261644
852044
90188
90192
1507410
1040467
90198
1859671
1572953
90205
950367
90211
1638503
1392744
1146985
1073258
90219
2031726
90224
999538
1245299
680054
1458295
90232
90236
1319039
90245
991369
1753227
90252
90253
1425551
1089680
1613973
1056918
1171606
90262
2367640
90266
704667
1900699
1204378
1220766
90268
1679522
2048162
1138854
221351
90280
1777831
90281
2261162
2130094
491696
737458
1982643
557234
2179253
1499318
90295
1671353
1278142
745674
90315
90316
1654991
90320
884946
1138901
90329
360669
1802466
590054
1851624
1843433
90346
458986
2105579
2081002
590062
90352
2130161
1655027
188663
90361
2556153
917755
295165
1327363
90372
90374
2236681
90380
1458445
2203918
2294033
90385
2539795
2040094
90398
524580
2228518
1851687
1229098
90412
1007923
1229107
90427
1433918
835904
90435
1892680
1737032
1605962
1335624
90440
835918
90448
1843537
1679698
90451
1081683
1204572
1237350
90470
1827174
1139049
2105704
991595
2154860
1589609
90480
2031985
1204594
2113908
1368438
90491
917883
1843583
90496
90497
549250
2154885
90503
90507
90508
90510
2359697
1606034
2490769
90517
90519
90521
90525
90526
90532
197034
90539
90542
1163715
926148
1327558
90567
852427
90572
90575
278998
90583
1655258
90588
90589
90590
90594
1335778
1335780
90597
131558
2064873
1778154
2474474
2269675
1868270
90607
2261492
90612
115190
90616
90618
1180155
90620
2040316
1016320
2097664
2269699
90628
2351621
1393159
1999367
2310665
549387
1327627
1327629
2499086
1991181
1520866
1688083
188948
770582
90647
2302487
1245724
1933853
90656
2335269
90664
2040360
1810987
1270318
1139247
1139250
1499698
2064947
1327670
1073725
1524288
2040385
1524293
2368072
1679948
852559
90706
1786450
2081371
2171484
1565280
1720929
90721
2040419
1598050
1245801
1335920
90738
295540
2474612
90752
762502
90759
2015881
1344138
90762
1606281
606860
90766
2335371
90768
90769
2212492
1720971
1630870
90775
2114199
844442
90779
1368734
1016485
1508007
90791
1106601
1999530
90794
1114799
2286255
1131186
1073843
90802
90807
1950396
1319621
1327819
901836
1786575
90832
967382
819926
1327832
1647321
1524444
90846
1245920
860900
90852
1565416
787180
1385200
90865
1139442
1393397
1827573
90870
852729
1409785
1499899
90877
402175
90884
1540868
90888
1622793
1573642
90898
90902
1573655
90906
1401628
1155870
90910
860960
1434404
1729317
2081576
90920
1712939
90924
1229613
90927
615215
90929
2204467
1835829
1753911
2245435
90950
90951
90952
90954
844622
2048846
394064
2540370
1835861
90966
90968
90972
2171745
1696613
1745768
1180525
1467246
1819504
90995
1344372
90996
91000
91001
2581370
1385339
1221500
1385346
1155972
1311639
1409943
189338
91035
1713051
2171803
91037
91039
525218
2171811
1598373
91046
91049
2081711
91056
1344433
91065
1622970
1467324
1262527
115649
1909700
91078
861130
1713099
91084
205772
91085
1344463
828362
91091
1713110
91094
1541080
1450970
2180061
2597856
91105
943073
1762275
246757
1262566
1549286
1311717
181226
861163
852976
1557497
2171898
2352125
91135
1319937
91139
861187
1885187
246791
1311752
1442825
1565703
992271
91153
1680403
91158
1328155
1442844
91165
91168
1942564
2278436
1467430
99368
2212904
1328172
1983533
246832
91187
91188
1934394
615483
2303042
1721411
91207
91209
2171980
2352204
91217
1942612
771157
738390
2049110
91220
1631323
1705052
91229
1631325
2376795
1721440
156768
1877090
91236
91237
1713252
1328230
91240
443495
91248
2229360
91252
1516661
1721465
91258
869498
2131071
672897
91266
91272
91273
91275
1721485
91281
91284
2581653
1172630
91293
91300
91301
1262759
1729704
91305
1803434
328875
91308
91309
1057967
1320111
115889
91314
91315
91316
1647800
91323
1590460
2335937
2311361
91331
2532548
91333
91334
1565893
91336
1918153
2049224
107721
2122956
91341
1451214
1901775
1180880
91347
1205459
1049815
1058010
91355
1320165
91367
1631464
91372
894191
91379
91380
853240
91384
1197307
1049852
1615107
2499844
1918217
91406
91411
2270484
2098456
894233
91421
1230113
1893665
2663722
1328428
230716
2663744
1467713
91463
91467
2549068
91475
2032979
91478
1320284
1819997
91485
1066334
91487
1967452
828771
279911
91499
91503
1361269
1426806
91513
2516347
91516
91519
394625
91524
91526
1623435
91531
2565515
91534
2483598
2368914
91543
91545
91547
2663839
91561
1746350
1885616
763318
1361335
91580
91582
1828290
2221508
615877
91589
91595
1041870
91599
91601
91608
91609
91611
91616
91618
91620
91623
91624
402923
91630
1697263
91633
2049522
2180596
1762806
91640
2369017
1197562
943611
1885691
1353213
91641
1058305
1975810
1132045
1754637
1230352
91666
2565654
2082327
91672
2098715
91676
1312283
2385437
2172447
91679
91682
91688
91689
1648171
1050157
1254962
1738291
1058356
1812020
1508922
280122
1902138
2598459
2041410
1549897
1427019
91724
1484365
1828435
91732
91739
91740
312923
91742
1721949
1377889
91746
1893988
124516
2303588
91751
1828458
755307
91759
1058418
231035
91772
2467457
1681028
2098822
91783
1984136
1255049
91786
910989
2385549
91803
263839
91818
861869
91825
1918642
91827
1951413
2500278
1337020
1500861
91838
91839
91841
820931
1959619
1197766
1861328
91858
91862
91863
91866
304858
91869
1165028
1722086
2033382
91883
91886
1263343
1517298
91892
91897
91903
1427212
1140493
91918
91919
1517324
91923
91924
2197269
2467605
575275
91948
1623853
1976110
837428
1394486
1271606
1771323
2311996
1640253
1042240
91971
91973
91976
1271625
91979
1836876
2467661
108366
2139983
91982
91985
1722187
1140567
1296215
1255258
91995
526172
2213725
1361760
468833
1689450
92011
92012
92014
92017
1664882
812917
1976181
92024
92027
92033
92034
2295685
92040
305033
894860
2221968
92049
92051
2082708
92054
92057
92058
477086
1107872
1255340
92078
1288113
92082
92081
92084
886706
1501114
1279930
92091
2140093
288702
1845183
1107904
92095
1959876
337861
2058182
92104
92105
550858
92107
2402253
1427407
1525711
92113
1558481
108498
1886162
2607063
92122
1746908
92126
1583071
92132
215017
92138
1337324
92144
1386481
2639859
92151
1099768
92152
288762
92158
92162
92163
1583107
1067011
1452038
329737
1935370
92174
1935379
1386516
92180
92186
1353762
92201
92203
1050668
92207
542767
92213
1746997
2000953
1435706
1886267
1206329
1878077
2410555
223297
1280068
92229
92234
1550412
92237
92238
92242
2132053
92247
92249
92252
1108061
92253
92255
256096
92256
92257
2361436
92260
1370212
2263149
92273
92275
1820789
92283
92285
2123902
92288
1067139
92291
92295
92297
2132105
641165
862350
592021
2402453
92311
92313
92317
469152
1116325
92329
92337
182450
92338
1394868
92344
92346
1067197
1394878
92353
2238659
92359
2312391
870601
92363
92371
92373
92374
1386711
944351
1140961
1779937
1960161
2025699
1525987
1689830
2525417
1460458
1640685
805102
92399
2107629
92403
1222899
92405
1845491
1157364
2140404
1706233
182525
100607
2017536
92417
2590979
559365
1845509
2402565
92422
92425
1878281
1386763
1984777
1067275
92427
1296663
2410776
1567002
1386780
2189597
2418973
1665311
92450
92454
92457
2050346
1124653
