516096
1
90118
2318343
90120
90122
548875
737293
2056207
90130
1753107
974868
1155093
2187286
90135
90137
1196062
1720350
1237025
2105389
90159
2596913
1753140
1007669
1949755
1237052
1335357
1212478
1187902
90175
1695803
90177
1859651
90180
1671234
90174
1859658
1359947
1261644
852044
90188
90192
1507410
1040467
90198
1859671
1572953
90205
950367
90211
1638503
1392744
1146985
1073258
90219
2031726
90224
999538
1245299
680054
1458295
90232
90236
1319039
90245
991369
1753227
90252
90253
1425551
1089680
1613973
1056918
1171606
90262
2367640
90266
704667
1900699
1204378
1220766
90268
1679522
2048162
1138854
221351
90280
1777831
90281
2261162
2130094
491696
737458
1982643
557234
2179253
1499318
90295
1671353
1278142
745674
90315
90316
1654991
90320
884946
1138901
90329
360669
1802466
590054
1851624
1843433
90346
458986
2105579
2081002
590062
90352
2130161
1655027
188663
90361
2556153
917755
295165
1327363
90372
90374
2236681
90380
1458445
2203918
2294033
90385
2539795
2040094
90398
524580
2228518
1851687
1229098
90412
1007923
1229107
90427
1433918
835904
90435
1892680
1737032
1605962
1335624
90440
835918
90448
1843537
1679698
90451
1081683
1204572
1237350
90470
1827174
1139049
2105704
991595
2154860
1589609
90480
2031985
1204594
2113908
1368438
90491
917883
1843583
90496
90497
549250
2154885
90503
90507
90508
90510
2359697
1606034
2490769
90517
90519
90521
90525
90526
90532
197034
90539
90542
1163715
926148
1327558
90567
852427
90572
90575
278998
90583
1655258
90588
90589
90590
90594
1335778
1335780
90597
131558
2064873
1778154
2474474
2269675
1868270
90607
2261492
90612
115190
90616
90618
1180155
90620
2040316
1016320
2097664
2269699
90628
2351621
1393159
1999367
2310665
549387
1327627
1327629
2499086
1991181
1520866
1688083
188948
770582
90647
2302487
1245724
1933853
90656
2335269
90664
2040360
1810987
1270318
1139247
1139250
1499698
2064947
1327670
1073725
1524288
2040385
1524293
2368072
1679948
852559
90706
1786450
2081371
2171484
1565280
1720929
90721
2040419
1598050
1245801
1335920
90738
295540
2474612
90752
762502
90759
2015881
1344138
90762
1606281
606860
90766
2335371
90768
90769
2212492
1720971
1630870
90775
2114199
844442
90779
1368734
1016485
1508007
90791
1106601
1999530
90794
1114799
2286255
1131186
1073843
90802
90807
1950396
1319621
1327819
901836
1786575
90832
967382
819926
1327832
1647321
1524444
90846
1245920
860900
90852
1565416
787180
1385200
90865
1139442
1393397
1827573
90870
852729
1409785
1499899
90877
402175
90884
1540868
90888
1622793
1573642
90898
90902
1573655
90906
1401628
1155870
90910
860960
1434404
1729317
2081576
90920
1712939
90924
1229613
90927
615215
90929
2204467
1835829
1753911
2245435
90950
90951
90952
90954
844622
2048846
394064
2540370
1835861
90966
90968
90972
2171745
1696613
1745768
1180525
1467246
1819504
90995
1344372
90996
91000
91001
2581370
1385339
1221500
1385346
1155972
1311639
1409943
189338
