32823
32867
32874
32875
32880
114
116
32885
32886
39101
32910
32914
32915
32925
32926
32929
32932
32933
32934
32941
32942
32961
32966
32967
32972
32973
32974
32975
32980
32982
32983
32984
32986
33015
33017
33025
33026
33027
33028
33029
33034
33035
33042
33043
33044
33054
33061
33062
33063
33064
33066
33067
33070
33071
33074
33075
33076
33077
33080
33092
33105
33107
33115
33176
33181
33183
33184
33198
33204
33206
33211
33212
33213
33215
33216
33217
33226
33227
33228
33229
33239
33240
33256
33268
33269
33275
6614
33282
33291
33292
33293
33297
33309
33310
33317
33323
33324
33325
33329
33331
33343
33347
33348
33362
33364
33366
33369
33378
33382
33383
33384
33390
33391
33393
33394
33395
33396
33397
33398
33399
33400
33401
33402
33409
33410
33411
33423
33432
33435
33444
33448
33450
33455
33456
33457
33459
33460
33463
33464
33466
33470
33471
33473
33503
33505
33511
33512
33528
33532
33535
33540
33546
33551
33552
33553
33559
33561
33564
33565
33566
33568
33576
33577
33579
33580
33581
33586
33587
33588
33596
33605
33606
33607
33608
33609
33610
33611
33612
33613
33616
33620
33621
33623
33624
33625
33626
33634
33635
33636
33640
33641
33642
33643
33645
33651
33652
33653
33657
33658
33665
33666
33677
33678
33679
33680
33681
33683
33684
33686
33687
33688
33689
33694
33696
33700
33703
33705
33707
33708
33711
967
33735
33736
33766
33767
33768
33769
33770
1003
33771
33772
33774
33775
33776
33777
1006
33779
33778
33781
33782
33783
33780
33785
33786
33784
33787
33789
33790
33791
33792
33797
33799
33800
33804
33806
33812
33814
33828
39291
33849
33850
33851
33852
33853
33854
33858
33929
33930
33931
33932
33943
33945
33949
33950
33951
33952
33953
33954
33967
33970
33971
33972
33973
33974
33998
34000
34022
34023
34030
34034
34035
34036
34040
34041
34050
34051
1288
34061
34062
34069
34070
34073
34076
34082
34083
34084
34085
34086
34098
34100
34104
34105
34107
34109
34113
34116
34117
34120
34121
34122
34123
34124
34125
34126
34127
34128
34131
34134
34137
34138
34139
34140
34141
34145
34148
39352
34160
34161
34162
34164
34171
34203
34210
34217
34226
34228
34230
34253
34255
34256
34257
34262
34276
39379
39390
34398
34401
34403
34406
34407
34408
34409
34412
34413
34414
34415
1748
34525
39434
34573
34574
34582
34583
34585
34592
34698
34699
34700
34701
34709
34710
34713
34714
1963
1971
34744
34745
34787
34790
6919
34824
34825
34832
34833
34844
34845
34847
34848
2081
34849
34852
34856
34857
34860
34861
34865
34871
34873
34874
34882
34883
34886
34910
34924
34926
34927
34935
34941
34943
34955
34957
34958
34959
34961
34962
34964
34967
34971
34973
34974
34975
34976
34988
34989
34990
34991
34992
34993
34994
34997
35005
35006
35007
35012
2257
35034
35058
35059
35060
35074
35075
35079
35080
35081
35082
35083
35091
35100
35101
35102
35105
35106
35110
35111
35112
35114
35115
35121
35136
35137
35138
35146
35147
35148
35149
35150
35151
35152
35154
35155
35156
35157
35159
35160
35171
35228
35234
35235
35237
35241
35283
35284
35286
35287
35308
35313
35315
35319
35320
35321
35333
35334
35344
35356
39593
35374
35376
35377
35383
35384
39597
39598
35396
35401
35402
35411
35412
35413
35414
35415
35417
35419
35420
35421
35425
35426
35427
39606
35433
39610
35457
35458
35467
35468
35469
35470
35471
35474
35490
35491
35500
35501
35503
39621
35505
35535
35544
35560
35593
35595
35596
35597
35598
35599
35601
35602
35611
35616
35622
35623
35624
35626
39653
35666
35667
39654
39655
35680
39658
35702
35705
35706
35707
35708
35709
35710
35711
35712
35713
35714
35716
35723
35732
35733
35755
35756
35763
35770
35775
35776
35777
35779
35781
35782
35783
35784
35785
35791
35798
35801
35802
35806
35807
35810
35813
39686
35845
39691
35869
35870
35885
35890
35891
35892
35915
35916
35917
35918
35925
35926
35927
35950
35951
35952
35953
35960
35964
35965
35967
35973
35974
35983
35984
35985
35986
35988
35989
35990
35991
35993
36001
36002
36008
36010
36011
36012
36014
36016
36026
36032
36036
36051
36052
36053
36054
36055
36056
36057
36058
36066
36067
39734
36073
39735
36083
36084
36085
36086
36087
36088
36089
36090
36091
36092
36094
36096
36097
36098
36099
36101
36103
36105
36109
36124
36130
36131
36132
36141
36153
3433
36233
36250
36253
36258
36259
36260
36273
36296
36297
36298
36299
36300
36301
36302
36303
36304
36305
36306
36307
36308
36309
36332
36363
36364
36373
36381
36389
36390
36402
36403
36407
36408
36409
3640
36411
36412
36413
36414
36420
36426
36452
36473
36505
36559
36560
36561
36562
36573
36574
36575
36576
36578
36579
36584
36585
36588
36589
36590
36602
36603
36604
36605
36606
3842
36614
3869
36640
36646
36648
36662
36669
36671
36672
36674
36675
36676
36690
36691
36692
36693
36705
36706
36707
36710
36711
36712
36713
36716
36718
36719
36720
36742
36744
36745
36746
36747
36750
36751
36752
36755
36757
36758
36759
36775
36776
36781
36782
36783
36784
36785
36786
36791
36793
36794
36800
36801
4034
36803
36804
36805
36806
36807
36808
36809
36810
36812
36816
36832
36844
36845
36847
36851
36854
36885
36888
36890
36894
36895
36896
36897
36898
36899
36900
36901
36905
36906
36907
36908
36909
36910
36911
36913
36914
36915
36916
36933
36939
36940
36941
36942
36946
36960
36970
36971
36972
36973
36974
36975
36976
36977
36978
36979
36980
36981
36983
36989
37006
37007
37009
37011
37012
37013
37020
37033
37034
37036
37042
37043
37045
37048
37050
37052
37063
37064
37065
37076
37101
37103
37104
37105
37106
37138
37139
37141
37142
37143
37144
37145
37149
37209
37221
37222
37223
37224
37225
37227
37228
37229
37230
37231
37234
37235
37237
37238
37239
37242
37244
37245
37246
37247
37248
37250
37277
37279
37280
37284
37289
37294
37345
37347
37358
37359
37360
37361
37362
37363
37364
37365
37366
37367
37368
37369
37370
37371
37372
37389
37393
37394
37395
37397
37398
37399
37400
37421
37422
37423
37426
37430
37431
37432
37435
37436
37437
37438
37452
37457
37458
37529
37530
37531
37536
37538
37539
37540
37541
37542
37543
37544
37546
37547
37548
37564
37566
37567
37568
37571
37572
37574
37576
37581
37584
37585
37587
37602
37603
37605
37606
37634
37641
37642
37643
37644
37645
37646
37649
37672
37673
37674
37676
37677
37685
37688
37689
37691
37692
37695
37701
37702
37703
37706
37707
37708
37709
37710
37712
37714
37716
37717
37718
37720
37721
37738
37829
37889
37896
37898
37926
5197
5198
5199
37978
37979
37981
37993
38014
38021
38023
38054
38055
5293
38074
38075
38076
38086
38088
38089
38094
38095
38096
38097
38098
38099
38100
38101
38102
38103
38104
38105
38106
38107
38108
38109
38110
38112
38113
38114
38115
38116
38118
38119
38120
38121
38122
38123
38124
38125
38127
38128
38129
38130
38131
38132
38133
38134
38135
5402
5404
5407
5414
5418
5429
5438
38207
38208
38209
5445
38228
38229
38231
5471
5472
5473
38241
38242
5474
38243
38244
5476
5478
5479
5480
38245
38246
5477
38254
5489
5491
5494
5496
5499
5503
38273
38275
38277
38280
38281
38283
38284
38285
38286
38287
38288
38289
38291
5526
5528
38297
38296
5533
38303
5536
38306
5549
38319
5552
5553
5557
5558
38328
5567
5570
5571
5574
5579
38349
38350
38351
38352
38356
5591
5596
5597
5599
5600
38396
5628
5632
38405
38406
38407
38408
38409
38410
38412
5644
5645
38421
5656
5658
5660
38436
38444
38445
5678
38447
38448
5685
5686
5687
5690
5691
5692
5693
38463
38464
5700
5702
5704
5709
5710
38492
38493
38494
38496
5732
5734
38502
5765
5767
38537
38538
38539
38541
38543
40225
38545
38549
5782
38555
38556
38557
38558
38559
38563
5805
38595
38596
38598
38599
38602
5835
38604
38605
5838
38610
38620
38625
38626
5859
5860
5861
5862
5865
5874
5877
5878
38653
38667
5910
38688
38689
38690
38693
38695
38696
38697
38698
5934
38702
5936
38711
38712
5945
38716
5949
38718
38719
38720
38721
38722
38723
38724
38725
5957
5958
38727
38729
38728
38730
5964
5968
38739
5972
5974
5976
5978
5981
5982
5986
38757
5990
38758
5991
38760
38759
5995
5999
6001
6002
6003
6005
6007
6008
6012
6017
6018
6021
6041
38818
38820
38821
38823
6056
6057
38825
38827
38828
38824
38832
38834
6072
33773
38850
38851
38854
38855
38856
38857
38858
38859
6090
38868
38869
38870
38871
38872
38873
38874
38875
38882
38884
6116
38887
6124
38893
38894
38895
38897
38900
38901
38903
38904
38905
38906
38908
38910
38928
38947
38948
6181
38950
38952
38953
38951
38955
38956
38954
38959
38960
38961
38962
38963
38964
38968
38969
40310
38974
6207
6214
6217
38985
38988
38989
38990
38991
38992
38993
6223
38995
38996
38997
38998
38999
39000
6232
39001
6231
39004
39012
6246
6249
6250
40322
6264
6265
6266
40324
6279
39048
39047
39051
39052
6285
6282
39053
6284
39056
6290
6291
39060
39057
39058
6299
6301
6304
6311
6313
6317
39086
39087
39085
6321
6322
39092
39093
6327
6329
6331
39100
6332
6334
6335
39104
6337
39106
39107
6338
39108
39109
39105
39112
39111
39110
39124
6357
39125
39126
39141
39144
39148
39151
39152
39153
6391
6399
6400
39170
6404
39173
39174
6407
39177
6409
39180
39181
39182
39189
39193
39194
39207
6443
39230
39231
6464
39232
6466
6467
6470
39242
39244
39245
39246
39247
6480
39248
6483
39262
6512
39290
6523
6524
39293
39294
39292
39296
39297
39298
6531
39299
6535
6536
6537
6540
6552
39321
6555
6557
6558
6560
6562
6567
6570
6571
6572
6574
6573
6576
6578
39349
39346
6583
39348
6581
6586
39354
6582
39350
39351
6585
6587
6589
6593
39355
39356
6598
6599
39368
39369
39370
39371
39372
39374
6608
39376
39378
6610
39380
39381
39382
6615
39384
39385
39383
39387
39388
39389
39386
39391
39392
39393
39394
39395
39396
39397
6630
39399
6632
39401
6634
39402
39409
6642
6643
39411
39412
6645
6647
6648
6651
6652
6653
39422
39423
39421
39424
6658
6659
39428
39429
39430
39431
39432
39433
6665
6666
39435
6669
6670
6671
6672
6673
6674
39443
6676
39444
39446
39447
39448
6677
6682
39451
39452
6683
39457
6695
39463
39464
39465
39466
39467
39469
39468
39470
39471
39474
39476
39477
39478
6713
6716
6718
6720
6721
39498
39499
39502
39503
39505
39507
39508
39509
39512
39514
39515
39516
39517
39518
39526
39527
39528
39531
39532
39535
39536
39542
39543
39547
6780
39549
39548
39555
39557
39558
39559
39572
39573
39574
39575
39577
39578
39579
39580
39581
39582
39583
39584
39585
39586
39587
39589
39590
39592
6824
39594
6825
6826
6827
6830
6831
6832
39599
6834
39604
6836
6833
39607
39608
39609
6840
39611
39612
6845
39614
6843
39613
39617
39615
39616
39619
39618
39622
39623
39620
39625
39624
39627
39626
39628
39629
39631
39632
39630
39633
39639
39640
39641
39643
39644
39645
39646
39647
39648
39649
39650
39651
6883
6884
39652
6887
6888
39657
39656
39659
39660
6889
6890
6891
6892
6895
6896
6897
6898
6901
6900
6903
6899
6905
39675
6912
39681
6914
39683
39684
6917
39685
6916
39688
39689
39690
39687
6918
6921
6924
6925
6926
6927
6930
6928
39692
6929
6934
6935
6939
6940
6941
6945
6946
39715
39716
39717
39719
39720
6953
39722
39723
6956
39725
6958
39724
39728
39727
39726
39729
39732
6965
39733
39731
6968
6971
6973
39741
6975
39745
39744
39743
6981
6986
39758
39759
39760
39762
39764
39765
39770
39771
39774
39776
39777
39778
39779
39783
39784
39785
39786
39787
39788
39789
39790
39793
39794
39795
39796
39797
7029
39801
39802
39803
39805
39808
39809
7043
39815
39817
7050
7060
39832
39833
39834
7066
7068
39836
39838
39835
39839
7073
7076
39848
7083
7084
7087
39851
7090
39859
39860
7093
7094
39863
39864
39862
39866
39867
39868
39869
39871
39872
7105
39874
7107
7108
39875
7110
7109
39873
7125
7126
7127
39898
7133
7134
39903
39905
39906
39907
39908
7144
7145
39913
7147
7148
7149
7150
7151
7152
7155
39924
7159
7160
39929
7161
39930
39931
39933
39932
39935
39928
39934
39938
39939
39940
39936
39942
39937
39945
39947
39948
39949
39950
39951
39952
39953
39954
39955
39956
39957
39958
39959
39960
39961
7194
39963
39964
39965
39966
39967
39968
7201
7202
39971
39970
39973
39974
39972
39969
7210
7213
7214
7215
39983
7222
7223
7225
7226
7227
39995
39997
7230
7235
7236
40004
40006
40003
7237
40008
40007
7238
40005
40015
40016
40017
40020
40021
40022
40023
40024
40025
40026
40034
40038
7277
7279
40049
40050
40051
40063
40064
40065
40066
40068
40067
40070
40069
40072
7306
40071
7315
40098
40099
7347
7365
40134
40135
40136
40138
40151
40152
40153
40155
40159
40160
40162
40163
40164
40165
40166
40167
40168
40169
40173
7409
40180
40181
40183
40185
40200
40201
40202
40203
40204
40205
40206
40207
40209
7441
7443
7445
40212
40217
40218
40219
40220
40221
40222
40223
40224
7457
7458
7459
40228
7461
40226
40231
40232
7463
7464
40235
7469
7476
40245
7481
40253
40255
40257
40259
40283
40292
40293
40296
40297
40300
40301
40305
40307
40308
7541
40309
40311
7544
40313
7545
7547
7548
7549
7550
7551
40318
7546
40321
40323
40319
40325
7558
40327
40326
40329
40330
40331
40332
7563
40334
40336
40337
40345
40346
40347
40348
40349
40350
40352
40353
40354
40366
40375
40381
40382
40383
40384
40386
7621
40390
7622
40391
40389
40394
40392
7626
7629
7631
40400
7633
40402
40401
7636
40404
7638
40406
40407
40403
40411
40412
7643
40414
40415
40413
40426
40427
7660
40429
40428
40431
40430
7662
40434
40433
40435
7680
7681
7695
7698
7699
40474
40475
40476
7709
7710
40478
7712
7713
40479
40477
40480
40481
40482
7719
40483
7729
40512
40519
40520
40524
40525
40526
7759
40527
7768
7774
7776
7779
7780
7782
7817
7824
7825
7840
40614
40615
40619
7854
40624
7857
40625
7859
40626
7863
40632
7865
7870
40639
7875
7881
7883
7884
40652
7886
40651
40653
40650
7890
7887
40661
40664
40665
40666
40669
40680
40682
40688
40691
40694
40695
40698
7933
40703
40704
40710
40711
40712
7946
7947
7948
7949
40721
40723
40731
40732
40733
7967
40735
40736
7973
40743
7974
7975
7977
7978
40747
7981
7982
40749
40751
40753
7980
40755
7988
40757
40750
40759
40752
40761
40762
7995
40760
7998
7999
8000
40768
8002
8003
40772
40769
40784
40785
40786
8020
40789
40790
40791
40788
40792
8031
8032
8034
40807
40808
40809
8040
40812
40813
40815
40817
40818
40819
40820
8053
8054
40822
8056
40823
8058
8073
40850
40852
40853
40854
8096
40867
8100
40869
40870
40868
8104
40873
40874
8109
8111
8114
40889
40890
40892
40893
40894
40895
40896
8130
40899
40901
40903
40904
40905
40906
40908
40909
40911
40912
40919
40921
8156
8157
8163
40933
40934
40935
40939
8177
40945
8179
8180
40950
8184
40954
40955
8189
8190
8193
8195
8198
40968
40973
40975
40979
40980
40981
40984
40987
40988
8221
8222
40991
40992
40990
40989
8230
8232
41005
8239
8240
8241
8243
41014
41017
41018
41020
41021
41022
41025
41028
41029
41030
41034
41036
41038
8275
8278
41048
41049
41050
41051
8287
41056
41059
41060
41061
41062
41063
41064
8298
41066
41067
8302
8303
41071
8305
41077
8338
41108
41109
41111
41114
41116
8349
41124
8367
8387
8388
41166
41168
41169
40748
41182
8415
8423
8425
41195
41198
41201
40754
41206
41207
41208
41209
8442
41211
41212
8446
8447
41214
41217
8450
41215
41222
41224
41226
41227
41228
41229
41233
41238
41240
41246
41247
41258
41264
41266
41267
41268
41282
41283
41284
8518
41287
41289
8525
41298
8531
41301
8534
41302
8536
8537
8538
8539
41308
8541
41304
41307
41303
41306
41329
8568
41338
41340
41342
8578
8583
8588
41369
41373
41374
8607
8608
41376
41378
41377
41387
41388
41390
41396
41397
41399
41400
8635
8658
8659
8663
41439
8672
8673
41440
8679
41450
41451
41456
8691
8692
41459
41461
41460
41464
41463
8698
8700
41469
8703
8709
8710
8712
8713
41483
8717
8718
8720
41506
41508
8742
41523
41524
41528
41531
41533
41534
8771
8777
8782
8786
8788
8793
8795
8797
8799
8803
8805
8806
8807
8808
8825
8829
8831
8837
8838
8840
8855
8858
8860
8872
8873
8875
8878
8881
8886
8887
8888
8891
8893
8911
8914
8915
8917
8918
8919
8920
8921
8926
8929
8930
8935
8939
8941
8945
8960
8990
8994
9000
9001
9002
9006
9007
9008
9009
9010
9011
9012
9015
9026
9029
9039
9041
9043
9044
9049
9051
9054
9055
9064
9068
9070
9072
9074
9075
9076
9085
9088
9089
9092
9093
9098
9107
9109
9110
9119
9121
9127
9128
9130
9133
9134
9139
9140
9141
9145
9148
9162
9188
9196
9202
9208
9213
9214
9218
9219
9284
9286
9288
9289
9290
9291
9292
9293
9296
9297
9299
9301
9302
9314
9327
9328
9334
9335
9352
9354
9358
9359
9394
9396
9398
9423
9426
9441
9445
9446
9451
9454
9459
9467
9468
9470
9492
9507
9510
9515
9519
9523
9526
9530
9539
9540
9542
9544
9545
9546
9550
9551
9552
9553
9554
9555
9556
9566
9567
9568
9569
9574
9575
9576
9577
9579
9591
9595
9597
9610
9652
9655
9675
9683
9684
9701
9709
9710
9711
9734
9736
9742
9752
9764
9781
9783
9791
9808
9811
9816
9817
9819
9834
9835
9849
9867
9881
9888
9890
9893
9896
9897
9904
9907
9927
9938
9941
9942
9953
9966
9970
9975
9980
9981
9982
9997
10005
10013
10021
10029
10031
10032
10037
10040
10045
10054
10055
10056
10070
10081
10083
10087
10093
10094
10101
10108
10117
10123
10124
10128
10133
10147
10149
10151
10152
10156
10159
10173
10177
10178
10181
10182
10186
10195
10217
10219
10221
10226
10234
10235
10247
10248
10252
10256
10265
10269
10278
10293
10297
10298
10306
10320
10321
10322
10325
10327
10328
10329
10330
10331
10336
10339
10352
10353
10356
10365
10367
10387
10403
10411
10418
10422
10429
10436
10437
10441
10442
10447
10455
10457
10460
10463
10472
10474
10490
10493
10501
10502
10511
10513
10520
10527
10531
10536
10544
10558
10562
10587
10591
10600
10604
10605
10607
10628
10634
10643
10651
10652
10657
10660
10670
10672
10674
10679
10685
10686
10692
10698
10700
10705
10706
10707
10708
10713
10714
10716
10720
10723
10727
10728
10729
10732
10733
10748
10749
10750
10752
10758
10761
10762
10764
10786
10805
10810
10811
10815
10820
10821
10826
10837
10851
10855
10863
10868
10869
10877
10908
10912
10915
10916
10921
10924
10926
10928
10941
10949
10956
10958
10961
10962
10963
10968
10972
10981
10982
10983
10989
10990
10991
10995
10997
10998
11000
11002
11004
11006
11008
11013
11019
11022
11028
11030
11031
11032
11033
11040
11051
11058
11078
11079
11091
11095
11097
11098
11099
11101
11102
11103
11104
11105
11106
11109
11110
11113
11114
11119
11122
11129
11133
11134
11140
11141
11144
11147
11151
11177
11185
11187
11188
11190
11197
11199
11203
11214
11218
11227
11230
11256
11259
11260
11273
11274
11275
11277
11279
11288
11297
11320
11321
11323
11343
11346
11348
11351
11359
11369
11375
11376
11378
11385
11387
11394
11397
11406
11415
11418
11425
11427
11433
11440
11442
11448
11452
11454
11455
11456
11459
11464
11471
11473
11479
11483
11492
11497
11501
11502
11506
11509
11511
11522
11527
11532
11536
11538
11542
11555
11558
11560
11569
11582
11584
11585
11612
11614
11616
11617
11618
11629
11631
11670
11675
11684
11685
11686
11687
11688
11690
11694
11706
11713
11717
11718
11719
11728
11729
11731
11738
11752
11753
11763
11768
11773
11787
11794
11807
11811
11812
11813
11815
11816
11817
11819
11821
11823
11825
11828
11830
11831
11832
11845
11853
11860
11870
11875
11876
11893
11906
11929
11936
11937
11938
11951
11952
11953
11964
11972
11974
11985
11993
12002
12003
12004
12011
12018
12028
12034
12037
12038
12052
12058
12062
12064
12067
12073
12077
12079
12081
12083
12086
12095
12109
12111
12116
12117
12122
12123
12129
12130
12141
12161
12164
12165
12166
12167
12172
12188
12196
12198
12207
12209
12221
12226
12236
12238
12239
12245
12261
12271
12279
12281
12301
12302
12304
12306
12312
12318
12320
12332
12333
12347
12348
12349
12351
12364
12380
12386
12398
12403
12405
12424
12427
12428
12429
12430
12441
12449
12454
12464
12466
12468
12484
12485
12487
12489
12494
12499
12504
12507
12510
12520
12524
12525
12528
12529
12533
12545
12546
12549
12559
12560
12569
12576
12578
12585
12592
12595
12606
12609
12614
12618
12631
12634
12643
12644
12645
12647
12648
12649
12651
12662
12663
12693
12699
12708
12709
12710
12746
12756
12762
12769
12781
12790
12793
12802
12820
12833
12835
12836
12837
12840
12847
12853
12854
12862
12865
12866
12874
12880
12885
12886
12891
12901
12911
12913
12918
12943
12949
12950
12953
12958
12964
12966
12976
12997
13005
13007
13022
13028
13031
13044
13051
13052
13058
13062
13083
13088
13089
13096
13100
13101
13113
13114
13117
13120
13123
13128
13133
13134
13135
13139
13141
13145
13153
13163
13169
13171
13176
13180
13181
13186
13189
13195
13207
13210
13216
13217
13219
13220
13227
13229
13250
13274
13277
13278
13296
13301
13307
13314
13326
13327
13333
13340
13348
13362
13364
13368
13370
13374
13409
13419
13454
13507
13509
13512
13560
13565
13567
13575
13591
13601
13609
13610
13615
13617
13625
13633
13639
13643
13654
13665
13687
13690
13691
13696
13707
13756
13762
13767
13769
13771
13773
13781
13785
13789
13790
13826
13833
13834
13837
13840
13843
13860
13861
13867
13868
13869
13871
13878
13879
13880
13884
13886
13887
13899
13900
13901
13904
13905
13907
13911
13920
13921
13957
13969
13991
14007
14015
14018
14029
14030
14049
14059
14065
14073
14097
14099
14112
14126
14127
14129
14136
14140
14149
14153
14154
14155
14158
14166
14175
14177
14178
14196
14219
14256
14261
14263
14272
14279
14319
14328
14330
14386
14387
14390
14391
14392
14414
14415
14427
14438
14443
14454
14468
14469
14488
14497
14505
14508
14517
14519
14520
14522
14543
14557
14567
14570
14591
14631
14632
14638
14639
14644
14647
14651
14660
14682
14697
14698
14709
14713
14722
14738
14739
14742
14744
14745
14746
14747
14777
14779
14783
14792
14805
14826
14838
14842
14862
14869
14879
14884
14894
14903
14905
14916
14925
14928
14930
14936
14946
14954
14961
14963
14975
14976
14979
14985
14987
14990
14991
14998
14999
15001
15004
15016
15017
15023
15032
15036
15053
15067
15075
15078
15092
15093
15113
15118
15122
15123
15127
15132
15142
15144
15150
15152
15154
15161
15163
15167
15168
15169
15170
15179
15183
15193
15197
15199
15210
15217
15225
15232
15235
15246
15258
15274
15278
15291
15307
15309
15310
15312
15313
15320
15326
15329
15340
15380
15387
15395
15401
15413
15418
15427
15432
15434
15443
15445
15449
15455
15459
15474
15483
15486
15489
15490
15491
15494
15495
15504
15521
15525
15528
15556
15569
15570
15574
15576
15578
15584
15590
15611
15617
15621
15623
15625
15626
15629
15658
15665
15668
15669
15685
15690
15694
15701
15716
15717
15730
15733
15740
15745
15751
15755
15757
15768
15776
15778
15779
15780
15784
15788
15789
15793
15798
15801
15817
15821
15824
15831
15844
15845
15846
15849
15872
15881
15884
15885
15887
15931
15932
15933
15943
15945
15952
15953
15970
15972
15980
15988
15990
16004
16017
16040
16044
16045
16081
16099
16100
16119
16131
16141
16151
16159
16167
16168
16170
16172
16176
16203
16204
16208
16210
16211
16227
16229
16235
16236
16238
16241
16252
16253
16255
16264
16267
16272
16279
16290
16297
16299
16300
16307
16315
16320
16321
16323
16324
16328
16333
16334
16344
16359
16362
16366
16372
16373
16380
16383
16398
16412
16429
16430
16433
16467
16468
16474
16487
16492
16499
16504
16528
16529
16530
16534
16540
16556
16561
16572
16575
16576
16579
16588
16589
16598
16599
16600
16601
16604
16613
16617
16635
16660
16663
16688
16692
16706
16707
16718
16720
16721
16746
16747
16749
16750
16751
16754
16757
16762
16779
16786
16815
16821
16822
16850
16851
16854
16863
16881
16919
16922
16923
16925
16936
16940
16966
16975
16979
17007
17040
17065
17071
17085
17096
17097
17100
17101
17102
17103
17104
17111
17113
17114
17122
17124
17125
17159
17161
17162
17163
17164
17165
17166
17167
17168
17169
17170
17171
17172
17173
17174
17175
17176
17177
17178
17179
17180
17181
17182
17190
17191
17193
17194
17195
17199
17200
17201
17202
17203
17204
17205
17206
17207
17208
17209
17234
17241
17243
17245
17247
17276
17278
17285
17304
17310
17311
17324
17358
17359
17366
17372
17392
17403
17407
17409
17411
17412
17416
17431
17433
17435
17440
17442
17444
17467
17469
17479
17480
17509
17512
17532
17538
17539
17543
17548
17549
17553
17554
17556
17557
17558
17583
17584
17585
17588
17592
17593
17605
17607
17608
17625
17668
17670
17680
17692
17693
17694
17709
17722
17731
17732
17733
17757
17758
17765
17770
17776
17779
17782
17789
17792
17793
17796
17797
17799
17800
17801
17852
17861
17862
17863
17864
17870
17888
17893
17908
17914
17916
17917
17918
17929
17930
17931
17943
17945
17953
17955
17968
17972
17984
17985
17988
17989
17993
17994
17996
17997
17998
17999
18011
18015
18055
18065
18074
18082
18103
18104
18107
18108
18109
18110
18111
18112
18113
18117
18118
18127
18128
18179
18189
18212
18219
18222
18243
18246
18254
18273
18274
18281
18308
18312
18321
18338
18380
18412
18414
18422
18424
18432
18439
18467
18514
18562
18592
18595
18596
18603
18604
18611
18632
18634
18642
18643
18644
18645
18647
18648
18650
18651
18654
18655
18657
18658
18691
18714
18715
18716
18722
18727
18728
18734
18752
18754
18755
18765
18768
18771
18775
18776
18777
18778
18782
18784
18788
18803
18805
18808
18809
18817
18842
18845
18853
18860
18868
18872
18873
18883
18884
18889
18894
18923
18924
18926
18927
18965
18980
18983
18984
18985
18990
18997
19008
19009
19010
19011
19012
19027
19028
19033
19034
19035
19038
19044
19048
19054
19069
19089
19108
19114
19119
19129
19133
19134
19142
19147
19161
19173
19175
19177
19181
19184
19188
19192
19211
19228
19235
19238
19244
19286
19287
19309
19310
19312
19315
19319
19325
19330
19331
19332
19333
19341
19346
19369
19374
19385
19388
19391
19398
19417
19418
19419
19421
19423
19424
19426
19428
19429
19434
19446
19453
19454
19464
19465
19475
19476
19477
19479
19481
19482
19487
19517
19519
19520
19522
19525
19536
19539
19540
19547
19548
19549
19550
19551
19560
19572
19582
19607
19642
19659
19663
19671
19687
19697
19698
19704
19707
19708
19719
19729
19738
19746
19750
19762
19780
19781
19782
19783
19799
19800
19801
19803
19810
19820
19837
19844
19849
19852
19859
19861
19864
19865
19884
19889
19890
19895
19896
19913
19914
19917
19919
19920
19934
19943
19945
19946
19960
19961
19984
20019
20020
20023
20024
20037
20040
20042
20044
20045
20056
20062
20068
20069
20070
20085
20087
20089
20097
20098
20104
20105
20108
20113
20114
20115
20123
20139
20154
20157
20172
20178
20185
20186
20213
20218
20219
20221
20222
20227
20228
20235
20238
20239
20243
20244
20245
20249
20271
20273
20277
20278
20280
20294
20305
20319
20322
20325
20327
20331
20337
20339
20340
20348
20349
20350
20363
20371
20372
20373
20374
20375
20380
20381
20393
20395
20396
20397
20398
20402
20410
20412
20413
20414
20415
20416
20419
20425
20427
20429
20431
20435
20436
20437
20442
20448
20456
20462
20467
20469
20476
20488
20493
20503
20512
20519
20520
20521
20525
20536
20563
20564
20587
20588
20591
20594
20598
20600
20608
20609
20610
20611
20693
20707
20731
20738
20747
20748
20751
20777
20778
20779
20789
20802
20805
20811
20825
20826
20834
20837
20848
20853
20872
20874
20884
20889
20890
20893
20895
20897
20905
20909
20916
20919
20922
20924
20925
20926
20928
20929
20930
20934
20949
20961
20963
20967
20968
20969
20970
20972
20977
20979
20986
20997
20999
21001
21013
21016
21018
21037
21038
21039
21040
21043
21044
21046
21048
21049
21051
21056
21059
21064
21070
21075
21088
21096
21118
21121
21124
21125
21126
21130
21131
21141
21147
21155
21158
21159
21160
21171
21176
21179
21184
21215
21238
21239
21261
21262
21263
21264
21273
21274
21297
21302
21309
21323
21324
21327
21330
21331
21332
21333
21346
21351
21352
21383
21384
21385
21386
21387
21388
21389
21394
21408
21411
21412
21430
21445
21447
21457
21467
21468
21469
21471
21472
21473
21482
21498
21522
21531
21543
21544
21546
21547
21555
21560
21569
21572
21592
21593
21596
21605
21613
21638
21639
21663
21664
21665
21670
21671
21681
21684
21689
21715
21716
21717
21728
21751
21755
21757
21785
21787
21809
21860
21885
21920
21924
21925
21945
21947
21958
21959
21965
21966
21967
21968
21970
21972
21974
22000
22002
22032
22034
22064
22066
22092
23017
23025
23027
23029
23035
23038
23039
23045
23046
23047
23050
23059
23060
23076
23078
23083
23086
23092
23093
23106
23109
23121
23126
23139
23140
23157
23162
23165
23181
23193
23199
23212
23219
23232
23238
23246
23247
23251
23252
23267
23269
23283
23291
23294
23302
23312
23333
23345
23367
23378
23428
23435
23436
23447
23448
23453
23454
23455
23456
23465
23479
23481
23482
23485
23506
23507
23512
23513
23522
23526
23529
23546
23552
23573
23574
23577
23586
23607
23616
23634
23635
23636
23650
23657
23672
23675
23676
23677
23698
23699
23701
23702
23708
23711
23713
23727
23737
23767
23772
23773
23784
23787
23788
23790
23791
23792
23808
23824
23825
23826
23827
23829
23830
23835
23849
23852
23853
23854
23855
23856
23858
23859
23860
23873
23875
23883
23884
23886
23888
23896
23897
23899
23901
23902
23905
23910
23912
23913
23914
23922
23927
23933
23941
23942
23944
23945
23954
23974
23984
24010
24012
24018
24021
24024
24026
24027
24033
24034
24053
24054
24058
24065
24069
24071
24073
24078
24079
24080
24088
24113
24117
24119
24122
24123
24140
24141
24143
24144
24146
24147
24148
24174
24175
24176
24193
24195
24197
24222
24234
24236
24237
24245
24258
24259
24260
24261
24264
24265
24271
24312
24319
24320
24322
24326
24334
24335
24336
24341
24344
24363
24364
24366
24367
24386
24387
24388
24394
24395
24410
24412
24413
24414
24416
24424
24430
24447
24455
24456
24467
24477
24492
24493
24505
24524
24526
24531
24563
24587
24593
24603
24634
24745
24752
24753
24762
24766
24768
24784
24785
24787
24788
24789
24791
24794
24795
24816
24828
24837
24838
24842
24847
24866
24867
24872
24874
24877
24884
24888
24892
24894
24895
24898
24902
24903
24905
24906
24913
24915
24919
24920
24921
24924
24939
24940
24962
24972
24973
24981
24992
24995
24997
25014
25061
25110
25120
25121
25122
25128
25150
25165
25181
25187
25193
25201
25209
25217
25228
25229
25232
25233
25234
25235
25236
25237
25238
25277
25308
25323
25324
25336
25357
25396
25397
25398
25414
25415
25417
25418
25430
25432
25433
25436
25438
25439
25440
25441
25457
25458
25459
25475
25478
25486
25496
25513
25522
25532
25582
25586
25588
25594
25595
25604
25610
25620
25636
25650
25659
25660
25667
25668
25669
25672
25704
25707
25709
25711
25714
25715
25723
25724
25728
25736
25756
25759
25763
25764
25768
25775
25777
25779
25780
25782
25787
25789
25792
25793
25799
25814
25816
25818
25822
25823
25847
25866
25868
25873
25884
25885
25886
25922
25925
25958
26014
26015
26016
26017
26030
26033
26039
26065
26067
26080
26094
26104
26105
26106
26107
26108
26109
26124
26140
26141
26156
26176
26177
26183
26185
26196
26202
26207
26208
26209
26211
26215
26229
26232
26233
26238
26278
26288
26289
26293
26295
26298
26299
26313
26336
26341
26349
26353
26366
26367
26369
26372
26373
26385
26405
26407
26415
26417
26418
26429
26438
26440
26442
26443
26445
26448
26449
26450
26454
26457
26460
26462
26472
26498
26502
26505
26506
26507
26508
26514
26530
26535
26536
26549
26550
26555
26556
26561
26570
26571
26572
26573
26576
26577
26578
26579
26584
26604
26638
26640
26641
26642
26643
26644
26694
26695
26705
26723
26724
26753
26756
26758
26777
26780
26816
26826
26828
26834
26845
26850
26851
26854
26862
26863
26864
26865
26866
26867
26868
26875
26900
26901
26903
26937
26942
26949
26955
26960
26961
26966
26968
26975
26976
26990
26992
26997
27005
27018
27028
27030
27033
27037
27038
27039
27040
27044
27045
27046
27047
27048
27049
27050
27066
27069
27087
27105
27108
27109
27123
27124
27126
27129
27133
27134
27135
27136
27137
27151
27159
27162
27163
27167
27172
27178
27192
27198
27205
27208
27213
27216
27217
27220
27224
27232
27240
27241
27242
27244
27245
27246
27247
27248
27249
27254
27257
27258
27263
27280
27478
27480
27483
27484
27486
27680
27729
27730
27731
27746
27751
27752
27753
27754
27755
27756
27757
27758
27767
27768
27771
27772
27787
27788
27790
27812
27838
27839
27842
27851
27860
27864
27876
27877
27879
27880
27881
27896
27897
27902
27903
27904
27907
27908
27909
27910
27912
27917
27918
27919
27924
27951
27954
27959
27967
27970
27998
28001
28007
28008
28009
28031
28035
28038
28039
28044
28045
28052
28053
28054
28055
28056
28057
28058
28059
28060
28061
28064
28066
28068
28069
28070
28072
28073
28074
28075
28076
28077
28079
28080
28081
28082
28085
28087
28088
28089
28090
28091
28110
28111
28117
28118
28119
28120
28121
28122
28123
28138
28139
28141
28142
28160
28161
28168
28169
28170
28174
28175
28176
28178
28187
28205
28211
28212
28214
28220
28221
28226
28231
28233
28255
28299
28300
28301
28306
28318
28339
28346
28351
28372
28379
28415
28416
28425
28431
28432
28433
28445
28453
28466
28467
28468
28469
28501
28510
28516
28517
28518
28519
28520
28524
28536
28552
28556
28557
28558
28559
28560
28565
28575
28581
28625
28626
28627
28628
28629
28631
28632
28642
28649
28651
28653
28658
28659
28661
28667
28669
28681
28690
28692
28701
28734
28737
28738
28740
28742
28760
28788
28793
28795
28814
28816
28820
28826
28833
28837
28850
28869
28876
28887
28888
28889
28890
28909
28922
28924
28929
28938
28941
28948
28955
28958
28961
28962
28965
28986
28988
28989
28990
28991
28992
29002
29005
29006
29007
29008
29010
29011
29012
29014
29015
29017
29018
29031
29033
29039
29041
29045
29063
29064
29065
29066
29068
29069
29070
29071
29074
29075
29077
29086
29097
29101
29103
29117
29149
29150
29166
29167
29168
29185
29189
29191
29193
29196
29207
29224
29225
29229
29234
29235
29237
29239
29240
29247
29248
29249
29251
29252
29255
29259
29282
29297
29301
29305
29307
29308
29334
29336
29337
29338
29342
29343
29344
29345
29383
29387
29388
29389
29405
29406
29431
29445
29446
29448
29463
29464
29475
29483
29495
29496
29497
29498
29505
29506
29514
29516
29517
29518
29521
29522
29523
29539
29540
29541
29543
29544
29545
29548
29549
29550
29552
29553
29564
29566
29567
29589
29591
29592
29594
29595
29596
29597
29598
29604
29605
29615
29616
29617
29618
29619
29620
29621
29623
29628
29638
29641
29658
29659
29660
29661
29662
29667
29669
29671
29692
29693
29694
29699
29700
29702
29703
29706
29707
29708
29717
29768
29769
29773
29774
29801
29812
29820
29821
29828
29830
29832
29836
29837
29839
29841
29842
29845
29857
29858
29859
29860
29865
29866
29869
29870
29871
29872
29880
29881
29890
29891
29892
29909
29913
29914
29922
29923
29924
29925
29936
29938
29939
29940
29941
29942
29943
29944
29945
29946
29947
29948
29951
29952
29954
29956
29960
29961
29962
29963
29972
29976
29977
29978
29979
29980
29982
29983
29984
29998
30004
30014
30016
30023
30026
30049
30051
30061
30062
30063
30067
30118
30120
30121
30123
30124
30125
30126
30127
30138
30139
30144
30145
30146
30155
30165
30166
30176
30180
30196
30197
30198
30199
30200
30201
30202
30204
30205
30206
30211
30212
30241
30242
30243
30244
30245
30246
30247
30248
30249
30250
30251
30252
30267
30270
30271
30274
30275
30276
30278
30307
30323
30325
30326
30334
30335
30336
30342
30344
30351
30353
30354
30357
30358
30359
30360
30363
30365
30366
30367
30378
30379
30384
30388
30391
30395
30396
30397
30398
30400
30401
30402
30403
30404
30412
30444
30445
30446
30462
30466
30467
30486
30497
30500
30501
30502
30512
30513
30545
30550
30552
30560
30561
30562
30626
30774
30779
30792
30796
30798
30800
30801
30803
30807
30808
30809
30810
30813
30818
30819
30822
30824
30825
30840
30841
30867
30870
30872
30874
30875
30878
30881
30895
30921
30951
30954
30958
30961
30963
30967
30974
30976
31029
31030
31035
31077
31123
31124
31167
31168
31169
31174
31175
31177
31180
31186
31193
31201
31202
31209
31214
31215
31217
31218
31219
31220
31221
31223
31229
31234
31241
31244
31245
31246
31249
31252
31253
31254
31255
31310
31311
31313
31317
31324
31334
31338
31339
31349
31379
31386
31399
31401
31402
31403
31404
31405
31408
31410
31412
31414
31417
31418
31423
31425
31428
31466
31497
31499
31550
31598
31599
31642
31643
31657
31668
31673
31680
31695
31697
31699
31701
31702
31735
31756
31757
31777
31784
31791
31792
31800
31803
31807
31808
31814
31815
31816
31819
31820
31833
31837
31838
31839
31852
31861
31870
31883
31902
31903
31904
31911
31912
31914
31924
31925
31926
31936
31957
31958
31960
31961
31964
31965
31966
31968
31969
31971
31973
31974
31977
31979
31980
31981
31983
32031
32044
32047
32051
32053
32054
32074
32075
32076
32077
32088
32089
32090
32091
32113
32128
32129
32169
32202
32208
32210
32211
32212
32224
32225
32229
32236
32237
32267
32273
32274
32288
32289
32290
32291
32292
32293
32295
32297
32298
32299
32300
32301
32308
32309
32314
32315
32316
32317
32332
32333
32334
32335
32344
32345
32347
32354
32357
32391
32394
32395
32400
32401
32481
32497
32500
32501
32515
32520
32521
32559
32560
32561
32562
32563
32566
32573
32574
32581
32582
32583
32584
32588
32590
32597
32603
32604
32605
32615
32616
32617
32626
32627
32639
32640
32641
32647
32648
32649
32650
32651
32655
32666
32668
32677
32713
32718
32719
32745
32746
32747
32748
