470
457
526
526
404
742
742
586
586
592
442
442
441
554
555
636
636
636
636
634
634
597
757
493
508
508
508
508
415
536
536
425
466
460
558
590
590
639
635
634
740
425
587
587
587
679
639
640
640
640
743
743
742
742
743
478
478
478
397
553
516
592
435
743
739
639
639
569
435
454
639
634
635
655
655
588
597
597
597
597
592
566
408
397
397
553
643
402
731
731
731
598
557
557
581
435
435
435
531
529
553
634
635
546
546
546
486
480
390
742
742
555
555
555
555
569
569
549
549
549
553
553
553
586
511
478
742
529
660
649
526
555
725
743
742
453
454
563
563
757
742
480
634
590
655
411
411
546
451
541
541
541
653
643
601
590
640
588
739
739
739
639
667
597
597
601
516
516
516
516
522
522
522
522
526
526
524
524
522
522
415
731
587
397
397
397
592
592
592
592
592
592
592
592
523
524
527
648
648
661
661
553
555
555
555
569
642
642
653
655
655
655
642
642
667
667
667
653
653
637
420
480
742
679
679
679
679
679
415
679
679
594
679
679
679
595
679
680
679
679
679
679
680
756
680
680
680
680
595
680
733
733
665
646
680
680
680
680
435
597
558
558
558
558
558
558
565
565
565
565
743
491
454
460
457
451
461
461
406
480
409
409
409
457
660
581
451
451
526
441
441
441
420
423
634
634
522
544
544
594
602
594
728
612
612
557
557
557
680
680
680
680
680
680
679
597
739
592
592
597
590
588
593
592
593
586
526
481
401
401
401
411
411
756
451
543
553
553
553
553
558
649
679
679
549
435
435
480
470
728
478
743
516
634
526
579
581
566
566
566
566
566
725
725
725
743
435
755
743
401
401
411
397
397
602
587
587
587
587
553
560
553
534
569
634
680
733
640
640
553
526
526
551
551
451
676
402
402
454
402
401
506
506
634
635
590
484
402
402
726
743
743
677
514
415
415
743
511
511
404
725
725
725
581
581
581
581
581
660
660
660
660
415
431
431
431
510
510
510
659
601
601
601
553
498
544
602
602
601
415
511
746
746
746
612
746
553
725
454
725
731
731
587
397
397
527
527
601
594
594
601
597
598
748
748
748
612
612
746
746
747
601
602
602
553
598
401
401
516
390
634
634
597
597
423
660
661
514
514
514
639
640
480
543
636
442
442
526
451
451
636
636
588
523
523
476
476
476
476
727
476
544
544
435
634
635
636
497
634
460
593
593
554
420
420
420
569
557
586
586
656
656
656
553
656
529
544
435
553
743
743
743
743
743
527
527
743
678
592
592
593
593
569
597
597
569
569
390
480
541
409
409
601
592
409
409
478
478
478
726
729
472
526
743
679
679
756
756
634
635
653
634
667
635
635
635
635
480
640
640
640
562
553
397
756
558
586
526
526
406
725
451
451
451
526
527
527
527
441
441
536
390
526
523
439
454
757
757
549
537
565
553
553
553
435
438
438
438
438
397
586
586
541
541
541
541
541
541
511
756
756
441
497
497
497
497
497
667
667
553
553
569
727
569
497
497
497
565
565
565
565
415
415
415
415
565
565
565
565
565
565
406
569
581
640
739
739
598
655
522
480
678
457
480
454
409
510
404
404
404
404
404
404
404
404
404
404
404
404
404
404
529
592
527
743
511
415
415
743
743
457
457
531
566
531
531
531
531
531
531
480
635
639
480
480
480
480
554
411
411
411
451
451
460
480
569
506
506
544
544
544
544
544
629
480
742
534
514
553
743
480
544
544
544
544
544
725
725
725
470
656
594
597
601
601
587
587
743
743
470
470
544
544
544
544
568
555
555
568
569
508
506
506
459
480
411
411
411
411
411
411
480
451
725
656
620
726
397
397
397
397
397
397
397
397
397
588
534
642
642
506
553
553
742
516
553
558
553
553
549
549
526
526
526
568
568
568
553
471
529
529
402
402
402
402
743
549
549
549
549
554
568
516
549
634
634
634
634
634
634
634
634
634
634
640
480
486
486
478
409
742
569
601
640
640
739
451
451
643
642
642
476
529
529
530
562
450
409
457
743
743
418
418
418
418
418
418
418
418
587
640
640
667
739
739
454
460
451
451
459
397
397
397
397
397
497
497
620
620
620
620
620
527
526
581
553
558
429
566
566
435
435
590
590
590
590
590
590
587
587
587
587
587
587
597
634
425
425
425
397
397
397
397
642
663
642
411
481
481
481
418
418
431
742
756
523
523
451
461
451
541
541
541
541
541
541
541
541
541
541
541
480
481
555
555
568
568
425
425
553
553
565
565
441
441
441
441
397
551
743
726
568
568
568
593
569
536
536
411
411
435
727
727
480
480
404
397
397
397
634
634
553
553
639
740
519
519
519
516
514
514
551
519
660
661
661
727
660
660
660
569
569
742
593
555
522
522
621
621
459
645
645
645
743
587
568
404
404
404
404
404
404
404
404
634
634
634
634
404
634
404
634
634
404
634
634
404
634
404
404
404
404
404
404
404
404
404
404
404
404
404
635
635
635
635
536
592
569
429
415
553
478
587
587
756
441
481
454
502
529
529
529
728
480
529
480
478
529
529
516
529
478
728
660
549
529
529
441
529
530
729
680
680
626
636
636
636
636
635
635
530
530
530
470
557
557
534
534
420
508
390
508
656
640
651
656
667
523
558
441
537
441
441
441
411
404
411
404
541
597
560
656
597
656
757
441
441
725
725
743
725
742
460
519
639
653
742
601
740
566
727
554
397
558
565
565
748
612
612
748
748
748
748
601
589
563
563
562
436
562
667
667
667
740
563
563
406
660
431
553
558
553
411
514
555
731
401
731
549
549
544
544
568
471
743
461
725
743
743
411
543
743
743
566
739
543
544
478
656
463
463
463
514
553
480
402
451
415
441
461
725
470
461
728
429
429
425
610
743
663
597
678
634
397
637
397
397
397
397
397
397
551
551
423
597
551
551
551
551
471
737
411
568
737
569
568
568
737
568
527
569
441
568
441
441
569
568
568
568
568
568
569
569
569
568
568
466
729
634
634
634
653
557
557
653
569
569
653
569
508
581
679
390
587
594
594
742
581
581
581
397
553
737
555
555
555
555
553
553
729
729
553
725
397
725
593
745
451
480
470
725
742
461
451
451
541
642
635
635
598
635
635
635
635
470
470
642
726
555
555
555
425
425
438
436
441
497
653
470
464
549
411
411
411
411
537
537
526
537
537
553
553
569
568
569
544
756
544
497
612
534
534
560
519
519
519
560
586
597
597
748
597
740
740
743
740
467
740
740
467
467
467
636
636
425
484
527
527
478
544
481
526
484
745
745
527
527
522
597
526
526
526
411
526
411
411
527
441
530
411
444
530
530
590
597
587
589
587
553
642
757
757
549
595
653
602
454
598
551
549
598
554
602
549
423
415
678
678
678
676
406
390
553
640
390
568
634
471
743
743
743
390
390
549
390
569
725
640
435
534
534
435
435
435
435
435
435
743
444
425
427
726
425
427
427
457
541
568
429
543
481
510
454
742
742
742
506
397
478
478
742
726
457
484
590
742
476
543
484
397
397
480
590
590
427
427
642
642
642
634
635
646
569
634
634
568
634
508
508
544
508
508
508
568
568
568
508
526
526
526
523
523
522
526
543
526
568
534
397
534
454
457
655
399
544
743
457
454
480
480
480
621
621
621
621
431
409
621
534
534
390
411
411
454
726
743
543
470
470
470
554
397
531
478
531
531
531
531
649
733
411
411
733
553
746
435
435
544
544
526
526
526
526
436
527
435
519
508
526
739
739
527
529
558
519
519
558
558
519
553
555
553
569
569
553
553
555
435
553
553
435
435
551
551
466
394
454
594
451
454
423
511
511
511
534
534
534
534
541
534
541
541
541
541
541
541
541
581
581
634
635
636
418
636
420
420
415
425
425
420
636
420
643
411
420
463
461
461
725
450
461
557
431
594
431
553
553
553
553
553
553
553
553
553
553
553
553
553
553
554
554
553
555
555
555
555
568
568
568
568
568
568
568
568
568
568
568
568
568
568
558
569
478
438
568
568
568
568
569
568
568
737
737
568
555
568
569
634
555
566
553
566
401
553
558
553
558
526
526
558
553
553
553
553
553
553
553
553
527
553
553
553
554
554
554
519
519
742
743
743
555
553
397
553
508
569
522
569
522
568
568
508
568
516
568
516
397
569
553
523
587
553
587
587
587
586
401
634
634
635
635
635
635
508
471
506
642
726
454
642
541
541
541
541
541
541
541
541
541
541
541
541
541
558
645
645
645
549
549
549
645
549
549
553
598
466
468
757
598
598
757
431
549
431
598
598
587
444
553
553
587
553
725
725
553
553
409
409
480
480
726
743
743
725
743
481
725
523
553
470
553
553
725
496
496
496
742
497
497
620
597
597
597
597
506
506
678
506
506
506
506
506
506
480
441
506
595
587
502
590
590
593
590
568
587
568
597
597
601
555
441
555
390
397
397
397
404
411
404
404
757
549
565
565
565
480
523
529
634
506
508
508
508
508
508
742
742
508
508
508
508
508
508
558
558
558
558
558
558
558
557
558
558
467
467
558
558
558
725
451
725
558
476
451
558
725
555
555
555
555
555
742
451
451
451
725
480
597
497
497
757
514
514
667
667
667
667
667
667
739
739
480
451
667
560
726
725
557
441
678
553
553
553
488
553
569
746
397
678
480
510
415
415
565
565
565
565
527
746
543
543
543
543
480
728
743
742
742
726
514
725
497
651
640
639
664
435
435
435
435
555
555
555
555
581
586
601
551
541
551
551
551
541
553
551
634
635
555
544
480
543
508
508
510
541
586
568
568
431
510
466
592
593
397
597
601
397
743
397
397
397
397
397
397
560
397
560
560
497
560
569
560
560
560
560
560
560
660
560
560
560
589
589
589
589
589
589
411
411
743
599
554
404
508
553
522
522
404
480
568
481
725
481
481
655
620
620
634
620
634
635
740
635
595
635
635
635
592
478
648
620
620
620
553
553
435
553
568
551
551
637
551
551
551
511
511
595
553
569
541
541
541
746
746
435
645
645
425
541
510
425
511
444
511
541
510
549
549
549
549
549
534
549
480
592
592
629
629
415
544
431
431
553
555
555
401
565
418
418
418
415
418
565
418
565
634
444
523
394
637
637
590
660
590
590
418
394
522
566
411
411
411
569
679
679
725
743
743
726
480
397
549
549
757
757
549
639
549
471
549
677
677
677
677
677
429
677
677
566
565
480
460
450
453
514
566
566
480
726
409
566
478
486
478
726
472
478
480
480
650
409
650
650
650
727
740
642
587
390
544
544
544
442
401
562
568
402
508
597
597
404
594
594
594
656
594
526
526
555
536
536
536
566
566
555
566
461
420
397
728
728
728
728
667
442
508
551
551
551
441
743
743
496
496
471
656
656
558
549
549
549
549
441
526
526
526
526
526
526
526
523
544
544
555
415
639
639
421
601
601
601
587
725
743
746
612
551
747
530
530
581
642
541
404
645
418
418
418
418
418
418
418
551
551
523
534
558
620
551
551
627
740
743
634
634
634
394
653
651
651
642
511
511
511
510
510
510
639
639
733
526
725
553
553
554
554
390
510
454
390
390
390
390
390
642
519
519
429
442
390
604
429
597
411
411
551
549
435
645
394
481
646
646
589
589
589
536
476
511
642
626
658
497
742
397
558
555
555
555
397
553
553
650
648
553
553
601
553
470
728
728
667
466
466
553
553
553
558
467
558
558
569
554
726
680
680
594
546
527
470
635
678
634
549
634
587
643
643
667
740
435
665
508
435
516
508
431
435
743
743
743
451
553
486
486
486
486
388
388
466
435
466
679
565
511
480
480
728
728
645
563
636
402
441
526
461
441
497
551
551
390
541
541
748
747
748
746
747
526
597
586
522
457
640
569
454
756
454
451
457
472
728
435
587
587
470
442
590
590
441
402
441
546
553
725
553
553
553
466
555
726
553
553
470
480
581
729
729
480
435
601
601
404
551
553
655
601
435
435
435
435
435
643
651
651
650
650
642
642
642
558
642
642
554
655
431
551
404
551
653
480
526
508
625
625
626
626
626
625
626
432
435
648
476
653
656
536
642
637
441
441
399
418
415
565
415
415
415
418
565
634
420
420
635
565
565
418
390
466
444
470
397
480
480
480
480
634
444
569
725
658
590
557
587
590
678
590
404
543
546
546
546
546
546
546
546
546
546
546
546
544
625
660
660
589
589
660
660
660
660
481
728
406
397
534
566
586
586
588
588
592
592
592
592
534
536
536
536
442
471
667
471
496
496
496
497
497
497
497
497
497
498
498
498
581
457
427
427
510
441
441
441
441
441
594
594
397
438
726
401
409
589
589
534
534
534
506
546
595
590
563
414
637
551
519
590
470
565
544
546
536
655
653
653
634
562
562
397
553
655
522
435
536
390
555
739
397
543
541
569
397
397
397
553
653
626
747
558
558
645
409
601
639
726
634
740
645
438
730
626
590
519
497
496
390
610
743
534
388
429
429
553
558
471
516
660
604
604
604
604
432
650
742
549
593
569
639
409
565
586
601
401
526
740
590
531
565
565
522
536
536
536
593
394
604
740
642
643
411
523
537
594
390
642
660
457
639
543
653
660
740
626
626
645
390
640
656
627
541
534
655
655
441
435
569
442
590
663
441
725
645
557
466
442
441
634
404
508
642
553
731
420
593
522
551
554
569
522
541
511
569
402
388
388
743
743
464
563
563
743
472
450
450
461
450
471
423
467
467
558
451
394
394
394
508
569
634
634
602
634
488
665
665
725
566
568
401
520
634
420
543
639
450
656
597
478
569
640
655
553
581
742
581
558
656
594
486
486
486
639
636
394
453
453
390
725
390
731
590
590
481
506
480
478
546
742
431
634
558
553
553
553
553
506
588
536
435
404
404
636
636
636
636
636
636
636
636
636
636
534
636
636
636
636
636
656
402
553
481
481
594
481
642
549
431
568
508
486
569
568
420
727
486
522
551
534
742
565
726
726
743
725
653
557
557
558
636
636
481
516
516
636
397
743
397
555
529
649
590
661
549
677
650
650
478
511
464
560
581
480
663
390
390
586
581
450
726
743
549
549
595
397
598
565
549
637
634
650
653
461
635
435
526
597
589
420
740
642
402
425
592
739
470
506
415
514
480
497
740
636
636
636
636
636
653
497
450
409
743
506
506
639
566
423
450
438
415
450
541
634
441
435
442
442
442
442
442
544
442
442
543
401
549
549
549
404
555
601
441
569
390
742
397
423
470
637
592
656
409
438
427
427
438
553
728
390
592
404
748
441
566
560
551
508
653
594
597
390
555
620
649
620
569
404
568
429
678
549
568
519
541
541
660
581
643
643
544
586
551
594
484
511
726
463
415
468
560
653
558
551
651
650
650
558
653
390
553
637
653
640
743
742
634
435
404
553
590
423
423
650
423
635
454
470
634
743
557
534
511
739
425
739
491
634
511
436
733
516
546
481
650
650
588
656
653
627
642
534
743
404
404
404
404
757
586
597
568
404
640
593
598
665
471
516
568
506
551
510
740
476
743
743
743
743
743
450
450
516
519
491
491
402
491
526
493
460
558
516
511
558
404
404
598
461
450
551
415
601
481
404
663
543
601
601
642
653
558
404
438
534
639
620
523
471
450
557
511
543
523
480
555
726
587
740
568
415
560
534
563
650
415
634
731
645
634
441
598
390
645
653
637
637
394
470
568
595
645
486
441
522
636
534
551
558
568
536
536
415
637
526
438
639
739
514
554
554
586
544
658
743
438
438
536
394
481
592
726
541
549
635
642
569
511
568
601
450
516
431
569
667
555
557
553
530
660
653
597
508
739
642
726
588
743
588
497
497
602
655
478
488
470
476
435
435
634
726
506
523
592
476
640
740
553
409
478
565
478
588
565
478
726
726
397
743
743
743
725
466
640
470
470
726
726
743
742
725
514
565
658
522
746
637
597
629
427
555
655
636
678
441
640
597
658
658
642
733
568
543
658
464
637
730
568
478
568
541
581
516
397
397
470
742
598
555
660
655
460
558
565
663
663
663
663
663
655
568
590
553
601
678
415
511
497
397
451
441
450
438
568
438
598
390
471
639
497
466
581
663
636
648
568
478
586
497
739
742
454
743
476
649
634
568
516
516
516
516
516
429
541
401
435
757
399
478
497
725
431
636
523
642
553
660
602
404
731
645
653
516
655
655
635
551
510
645
404
526
534
431
461
441
541
411
411
541
538
604
441
569
742
398
436
586
655
450
543
602
390
726
523
390
480
634
484
464
642
390
743
634
635
420
636
401
439
537
511
655
725
601
402
463
643
534
506
597
402
589
660
526
568
569
402
747
397
620
402
415
543
640
470
526
743
602
660
634
423
601
435
569
592
435
435
555
569
593
558
565
546
478
635
566
645
660
569
569
645
480
566
441
648
435
610
529
635
598
401
748
660
586
441
635
466
478
558
558
478
421
739
636
427
743
592
551
432
558
601
566
397
586
442
516
553
541
648
425
553
739
526
526
663
642
502
484
544
436
568
626
625
543
643
581
541
534
589
589
519
444
411
728
740
478
678
678
427
415
511
551
543
523
397
441
555
451
397
526
476
663
637
658
522
497
557
634
637
588
660
394
646
640
634
587
587
563
589
560
558
661
569
625
522
541
634
650
478
739
660
435
645
502
516
397
650
742
560
560
663
586
553
653
597
568
415
642
743
565
558
569
643
558
680
388
461
431
587
740
640
511
737
581
581
511
408
408
511
511
568
660
597
480
480
553
581
414
415
653
746
502
516
516
516
516
516
642
643
506
461
415
510
581
543
739
726
635
597
660
519
442
442
643
510
660
526
519
667
725
534
601
551
476
553
663
415
526
526
742
470
610
660
660
639
667
639
441
508
508
508
508
508
508
508
508
508
508
508
508
508
508
508
508
508
508
508
508
508
508
508
731
731
731
510
511
508
508
508
508
508
508
522
522
589
589
439
470
726
743
725
592
435
661
634
634
634
538
431
497
653
520
635
543
431
431
634
667
592
597
569
568
563
645
566
634
642
484
390
593
635
588
663
642
639
510
510
441
590
565
565
565
569
568
568
470
480
555
592
601
563
411
530
733
642
441
569
436
557
656
519
519
566
590
590
551
740
725
726
409
743
743
478
478
478
478
478
409
728
565
565
565
565
478
397
526
581
568
650
650
549
740
740
740
740
554
642
663
639
635
558
639
406
470
679
441
727
478
727
478
442
526
457
637
551
594
554
420
418
435
418
418
415
743
743
397
397
601
601
530
543
459
642
667
663
655
646
663
663
541
590
586
740
497
587
651
526
464
637
635
450
727
541
543
739
551
551
743
726
438
480
601
466
466
467
467
467
468
468
468
466
727
727
727
639
544
544
544
678
543
543
642
658
636
636
459
612
514
502
502
397
432
586
757
488
589
506
510
510
740
743
743
656
598
522
466
468
740
667
565
640
726
478
730
394
560
429
740
740
740
738
660
397
397
397
397
397
553
553
442
558
553
553
565
457
420
425
643
581
746
467
742
478
478
590
731
645
597
655
634
557
642
729
427
634
743
471
639
739
415
435
636
664
558
558
636
553
549
549
549
549
549
733
401
733
601
640
743
481
534
534
534
534
534
534
534
557
557
546
742
511
650
634
581
558
558
558
566
566
566
656
534
442
442
442
557
650
431
431
562
562
562
562
562
399
563
639
569
522
598
642
516
534
726
568
478
480
480
739
634
642
480
441
478
660
660
660
553
757
757
549
441
663
442
642
534
665
634
526
522
592
592
655
653
653
643
739
739
444
739
602
738
640
397
742
742
636
639
409
541
421
399
481
642
558
536
502
553
441
511
637
637
637
727
738
738
399
554
541
635
562
563
425
415
598
645
739
558
404
480
551
551
484
541
541
541
541
557
435
555
497
601
411
543
543
435
581
581
555
555
558
588
506
592
506
669
669
669
639
526
621
725
727
478
598
597
597
551
551
551
508
555
409
453
640
431
468
568
645
476
526
597
590
597
537
727
478
742
634
634
478
727
634
640
635
648
404
466
669
642
592
536
667
667
739
667
739
544
480
594
569
601
601
597
645
404
565
569
569
529
554
390
598
411
601
601
601
645
645
597
534
516
743
621
621
621
551
743
478
423
586
621
598
739
739
642
727
635
557
534
660
436
649
650
558
558
558
537
537
478
549
740
733
511
511
511
543
637
581
667
516
639
663
480
523
551
645
423
397
397
397
397
397
397
397
397
397
397
441
639
598
640
551
581
569
637
602
541
409
409
409
667
498
553
553
553
553
526
594
508
581
555
557
557
553
558
553
553
523
526
478
595
757
411
397
621
397
397
397
397
397
557
557
442
442
442
442
442
409
397
742
581
516
516
560
740
590
441
601
725
725
480
480
480
592
558
438
743
581
581
639
526
660
639
404
586
538
537
642
562
581
663
435
656
639
569
601
602
543
601
581
656
522
522
411
592
438
660
740
478
676
563
461
415
650
555
629
629
636
658
740
595
595
601
397
527
639
392
390
390
390
726
743
549
667
598
598
645
586
586
586
740
586
586
497
586
441
590
588
586
660
649
594
390
390
593
454
392
597
655
739
435
549
586
541
739
441
522
404
484
390
511
457
522
597
568
404
727
425
409
554
478
502
635
667
587
586
660
597
725
725
743
569
390
589
390
392
415
568
441
643
476
454
541
435
635
635
620
757
390
565
401
476
588
588
588
598
454
634
635
404
450
637
508
727
667
743
743
743
510
510
553
397
402
733
530
530
530
530
530
536
510
510
510
510
510
510
642
586
589
743
589
589
589
595
595
595
643
660
516
516
516
498
665
665
543
642
642
510
655
655
653
653
669
516
508
508
508
508
508
526
727
553
511
510
454
602
649
660
660
642
640
653
653
637
390
557
530
655
415
415
423
653
669
669
669
739
526
409
587
639
639
639
639
639
725
725
743
390
390
551
441
669
640
635
476
739
740
733
733
739
725
648
743
557
491
663
534
637
651
553
453
451
502
516
529
397
582
581
582
566
498
634
587
590
460
454
634
590
653
640
640
634
553
621
640
610
442
402
568
524
639
634
661
460
508
557
557
649
637
637
481
725
402
726
634
640
390
747
663
667
742
742
464
541
677
667
563
653
655
635
663
636
636
636
636
636
636
636
636
636
636
636
636
636
636
637
637
516
739
739
635
537
553
739
581
467
634
470
563
563
646
635
742
660
454
634
636
588
634
658
627
397
397
397
397
409
727
478
516
461
510
510
558
529
660
660
660
648
648
649
648
514
634
634
620
476
476
476
476
593
593
593
530
635
402
726
642
557
634
663
476
442
436
476
555
514
733
442
454
655
397
636
476
643
534
727
659
659
435
553
555
643
643
639
636
510
568
742
742
397
516
743
642
663
663
642
642
743
636
634
655
655
592
401
401
677
442
442
442
442
442
442
563
480
457
560
560
560
743
743
639
660
655
653
640
655
441
441
441
441
401
742
676
581
431
725
739
739
541
598
669
602
558
558
558
536
519
667
667
581
667
733
645
634
642
643
634
634
635
635
635
679
653
588
588
588
581
639
667
569
569
667
743
516
636
568
569
569
568
568
549
553
568
568
553
553
553
557
676
401
649
649
425
526
629
669
629
629
726
743
643
643
466
634
634
634
634
397
404
397
404
510
519
476
411
411
411
411
411
643
643
397
555
555
635
635
635
404
640
514
636
636
636
636
655
634
653
649
649
649
621
621
621
621
414
541
397
397
676
676
676
676
529
643
640
506
639
639
553
553
726
728
725
653
739
739
740
740
634
634
634
634
634
634
481
729
727
639
639
568
743
401
566
534
534
534
534
551
551
516
516
516
544
397
397
470
679
733
510
553
597
665
663
514
739
739
436
594
581
529
553
553
529
529
529
529
529
529
529
565
565
640
466
554
554
568
660
640
486
397
390
743
642
390
390
390
390
390
390
390
390
569
569
390
649
553
554
667
390
568
568
568
569
471
536
661
661
642
642
457
589
589
397
397
397
727
423
423
423
423
423
423
423
511
441
516
510
725
743
486
594
554
506
506
643
476
727
727
557
557
581
581
581
581
581
581
581
581
581
581
581
581
597
592
435
581
581
581
581
581
581
581
581
581
581
581
581
581
581
581
581
435
435
553
390
390
451
743
743
743
543
543
543
401
435
635
594
523
508
541
541
541
541
635
663
663
663
663
725
635
442
508
588
441
742
635
404
543
557
415
478
536
626
551
581
581
601
441
441
442
660
480
397
511
511
511
634
639
441
441
441
441
598
725
653
653
634
634
634
634
634
569
661
511
529
529
529
529
461
404
406
653
519
411
516
531
531
531
589
660
466
506
506
642
390
581
581
563
636
541
541
586
593
508
636
555
554
549
511
397
589
655
757
757
757
549
549
757
397
587
594
553
598
390
534
743
725
757
397
581
581
568
639
639
639
551
551
592
444
441
441
401
549
640
663
663
739
739
557
557
569
427
425
425
397
402
402
402
402
402
402
402
555
555
604
621
726
660
660
519
519
442
566
555
568
581
581
423
639
640
604
635
635
635
635
634
748
748
748
748
639
640
522
553
639
640
639
402
402
742
742
742
742
546
546
739
739
640
529
529
635
731
508
519
743
514
660
649
649
555
650
581
640
640
541
592
553
588
653
653
481
557
557
557
523
526
523
523
526
523
526
526
510
655
655
740
740
653
441
390
390
726
581
581
581
581
441
441
486
486
726
451
587
587
587
463
506
568
569
457
553
553
553
553
553
553
555
541
541
541
541
541
481
529
725
725
725
394
549
549
587
587
536
653
516
519
394
415
394
409
470
484
423
423
480
593
593
593
476
645
645
645
598
595
595
482
729
739
739
739
442
442
442
587
587
587
587
549
549
549
549
549
549
549
549
549
549
549
549
549
549
549
549
725
743
726
725
508
497
497
497
497
497
497
497
497
555
534
546
450
581
544
481
549
731
510
731
648
634
727
727
727
727
431
431
397
625
626
557
612
639
586
743
743
634
478
397
397
397
728
731
731
731
486
729
729
549
549
529
529
529
529
529
529
529
531
529
529
529
529
555
480
549
549
549
510
397
742
661
743
569
409
478
478
636
636
549
594
594
415
423
511
429
725
639
639
415
590
590
549
536
627
544
526
510
510
520
520
757
757
757
397
508
508
508
553
635
635
639
586
568
554
554
397
397
508
555
553
569
555
544
544
598
442
481
635
635
635
635
601
423
423
553
553
568
739
739
658
544
454
725
725
472
460
451
598
598
551
743
510
590
726
725
742
481
553
568
592
725
453
554
639
677
418
516
496
496
496
543
543
555
626
516
725
510
510
601
549
549
498
498
453
725
390
612
588
639
742
527
748
748
569
598
594
598
594
679
679
642
679
679
549
635
635
397
679
555
526
526
526
526
526
526
526
526
634
635
634
653
553
536
660
435
431
516
392
480
555
678
678
592
601
587
679
553
634
635
516
516
679
555
555
678
676
676
536
517
519
541
541
541
541
726
743
743
423
415
415
423
510
390
757
476
549
549
549
569
569
534
660
660
660
476
401
555
553
553
569
568
568
569
569
569
568
568
635
635
653
640
640
648
661
642
639
653
653
655
655
612
659
586
587
586
586
589
743
472
549
457
601
727
549
549
553
597
656
746
747
645
588
604
601
420
429
429
418
418
418
397
408
566
438
508
634
634
634
642
643
592
401
401
401
401
442
442
442
743
739
478
401
401
502
502
676
621
621
621
739
639
635
748
748
748
748
598
397
558
555
557
557
557
557
553
435
466
557
557
423
590
590
590
649
649
581
447
447
733
733
733
642
663
563
663
663
401
601
423
508
402
402
402
402
