516096
1
90118
2318343
90120
90122
548875
737293
2056207
90130
1753107
974868
1155093
2187286
90135
90137
1196062
1720350
1237025
2105389
90159
2596913
1753140
1007669
1949755
1237052
1335357
1212478
1187902
90175
1695803
90177
1859651
90180
1671234
90174
1859658
1359947
1261644
852044
90188
90192
1507410
1040467
90198
1859671
1572953
90205
950367
90211
1638503
1392744
1146985
1073258
90219
2031726
90224
999538
1245299
680054
1458295
90232
90236
1319039
90245
991369
1753227
90252
90253
1425551
1089680
1613973
1056918
1171606
90262
2367640
90266
704667
1900699
1204378
1220766
90268
1679522
2048162
1138854
221351
90280
1777831
90281
2261162
2130094
491696
737458
1982643
557234
2179253
1499318
90295
1671353
1278142
