516096
1
90118
2318343
90120
90122
548875
737293
2056207
90130
1753107
974868
1155093
2187286
90135
90137
1196062
1720350
1237025
2105389
90159
2596913
1753140
1007669
1949755
1237052
1335357
1212478
1187902
90175
1695803
90177
1859651
90180
1671234
90174
1859658
1359947
1261644
852044
90188
90192
1507410
1040467
90198
1859671
1572953
90205
950367
90211
1638503
1392744
1146985
1073258
90219
2031726
90224
999538
1245299
680054
1458295
90232
90236
1319039
90245
991369
1753227
90252
90253
1425551
1089680
1613973
1056918
1171606
90262
2367640
90266
704667
1900699
1204378
1220766
90268
1679522
2048162
1138854
221351
90280
1777831
90281
2261162
2130094
491696
737458
1982643
557234
2179253
1499318
90295
1671353
1278142
745674
90315
90316
1654991
90320
884946
1138901
90329
360669
1802466
590054
1851624
1843433
90346
458986
2105579
2081002
590062
90352
2130161
1655027
188663
90361
2556153
917755
295165
1327363
90372
90374
2236681
90380
1458445
2203918
2294033
90385
2539795
2040094
90398
524580
2228518
1851687
1229098
90412
1007923
1229107
90427
1433918
835904
90435
1892680
1737032
1605962
1335624
90440
835918
90448
1843537
1679698
90451
1081683
1204572
1237350
90470
1827174
1139049
2105704
991595
2154860
1589609
90480
2031985
1204594
2113908
1368438
90491
917883
1843583
90496
90497
549250
2154885
90503
90507
90508
90510
2359697
1606034
2490769
90517
90519
90521
90525
90526
90532
197034
90539
90542
1163715
926148
1327558
